0,0,1
0,1,1
0,2,1
0,3,1
0,4,1
0,5,1
0,6,1
0,7,1
0,8,1
0,9,1
0,10,1
0,11,1
0,12,1
0,13,1
0,14,1
0,15,1
0,16,1
0,17,1
0,18,1
0,19,1
0,20,1
0,21,1
0,22,1
0,23,1
0,24,1
0,25,1
0,26,1
0,27,1
0,28,1
0,29,1
0,30,1
0,31,1
0,32,1
0,33,1
0,34,1
0,35,1
0,36,1
0,37,1
0,38,1
0,39,1
0,40,1
0,41,1
0,42,1
0,43,1
0,44,1
0,45,1
0,46,1
0,47,1
0,48,1
0,49,1
0,50,1
0,51,1
0,52,1
0,53,1
0,54,1
0,55,1
0,56,1
0,57,1
0,58,1
0,59,1
0,60,1
0,61,1
0,62,1
0,63,1
0,64,1
0,65,1
0,66,1
0,67,1
0,68,1
0,69,1
0,70,1
0,71,1
0,72,1
0,73,1
0,74,1
0,75,1
0,76,1
0,77,1
0,78,1
0,79,1
0,80,1
0,81,1
0,82,1
0,83,1
0,84,1
0,85,1
0,86,1
0,87,1
0,88,1
0,89,1
0,90,1
0,91,1
0,92,1
0,93,1
0,94,1
0,95,1
0,96,1
0,97,1
0,98,1
0,99,1
0,100,1
0,101,1
0,102,1
0,103,1
0,104,1
0,105,1
0,106,1
0,107,1
0,108,1
0,109,1
0,110,1
0,111,1
0,112,1
0,113,1
0,114,1
0,115,1
0,116,1
0,117,1
0,118,1
0,119,1
1,0,1
1,1,1
1,2,1
1,3,1
1,4,1
1,5,1
1,6,1
1,7,1
1,8,1
1,9,1
1,10,1
1,11,1
1,12,1
1,13,1
1,14,1
1,15,1
1,16,1
1,17,1
1,18,1
1,19,1
1,20,1
1,21,1
1,22,1
1,23,1
1,24,1
1,25,1
1,26,1
1,27,1
1,28,1
1,29,1
1,30,1
1,31,1
1,32,1
1,33,1
1,34,1
1,35,1
1,36,1
1,37,1
1,38,1
1,39,1
1,40,1
1,41,1
1,42,1
1,43,1
1,44,1
1,45,1
1,46,1
1,47,1
1,48,1
1,49,1
1,50,1
1,51,1
1,52,1
1,53,1
1,54,1
1,55,1
1,56,1
1,57,1
1,58,1
1,59,1
1,60,1
1,61,1
1,62,1
1,63,1
1,64,1
1,65,1
1,66,1
1,67,1
1,68,1
1,69,1
1,70,1
1,71,1
1,72,1
1,73,1
1,74,1
1,75,1
1,76,1
1,77,1
1,78,1
1,79,1
1,80,1
1,81,1
1,82,1
1,83,1
1,84,1
1,85,1
1,86,1
1,87,1
1,88,1
1,89,1
1,90,1
1,91,1
1,92,1
1,93,1
1,94,1
1,95,1
1,96,1
1,97,1
1,98,1
1,99,1
1,100,1
1,101,1
2,0,1
2,1,1
2,2,1
2,3,1
2,4,1
2,5,1
2,6,1
2,7,1
2,8,1
2,9,1
2,10,1
2,11,1
2,12,1
2,13,1
2,14,1
2,15,1
2,16,1
2,17,1
2,18,1
2,19,1
2,20,1
2,21,1
2,22,1
2,23,1
2,24,1
2,25,1
2,26,1
2,27,1
2,28,1
2,29,1
2,30,1
2,31,1
2,32,1
2,33,1
3,0,1
3,1,1
3,2,1
3,3,1
3,4,1
3,5,1
3,6,1
3,7,1
3,8,1
3,9,1
3,10,1
3,11,1
3,12,1
3,13,1
3,14,1
3,15,1
3,16,1
3,17,1
3,18,1
3,19,1
3,20,1
3,21,1
3,22,1
3,23,1
3,24,1
3,25,1
3,26,1
3,27,1
3,28,1
3,29,1
3,30,1
4,0,1
4,1,1
4,2,1
4,3,1
4,4,1
4,5,1
4,6,1
4,7,1
4,8,1
4,9,1
4,10,1
4,11,1
4,12,1
4,13,1
4,14,1
4,15,1
4,16,1
4,17,1
4,18,1
4,19,1
4,20,1
4,21,1
5,0,1
5,1,1
5,2,1
5,3,1
5,4,1
5,5,1
5,6,1
5,7,1
5,8,1
5,9,1
5,10,1
5,11,1
5,12,1
5,13,1
5,14,1
5,15,1
5,16,1
5,17,1
5,18,1
5,19,1
5,20,1
5,21,1
6,0,1
6,1,1
6,2,1
6,3,1
6,4,1
6,5,1
6,6,1
6,7,1
6,8,1
6,9,1
6,10,1
6,11,1
6,12,1
6,13,1
6,14,1
6,15,1
6,16,1
6,17,1
7,0,1
7,1,1
7,2,1
7,3,1
7,4,1
7,5,1
7,6,1
7,7,1
7,8,1
7,9,1
7,10,1
7,11,1
7,12,1
7,13,1
7,14,1
7,15,1
7,16,1
8,0,1
8,1,1
8,2,1
8,3,1
8,4,1
8,5,1
8,6,1
8,7,1
8,8,1
8,9,1
8,10,1
8,11,1
8,12,1
8,13,1
8,14,1
8,15,1
8,16,1
9,0,1
9,1,1
9,2,1
9,3,1
9,4,1
9,5,1
9,6,1
9,7,1
9,8,1
9,9,1
9,10,1
9,11,1
9,12,1
9,13,1
9,14,1
9,15,1
9,16,1
10,0,1
10,1,1
10,2,1
10,3,1
10,4,1
10,5,1
10,6,1
10,7,1
10,8,1
10,9,1
10,10,1
10,11,1
10,12,1
10,13,1
11,0,1
11,1,1
11,2,1
11,3,1
11,4,1
11,5,1
11,6,1
11,7,1
11,8,1
11,9,1
11,10,1
11,11,1
11,12,1
11,13,1
12,0,1
12,1,1
12,2,1
12,3,1
12,4,1
12,5,1
12,6,1
12,7,1
12,8,1
12,9,1
12,10,1
12,11,1
12,12,1
12,13,1
13,0,1
13,1,1
13,2,1
13,3,1
13,4,1
13,5,1
13,6,1
13,7,1
13,8,1
13,9,1
13,10,1
13,11,1
13,12,1
13,13,1
14,0,1
14,1,1
14,2,1
14,3,1
14,4,1
14,5,1
14,6,1
14,7,1
14,8,1
14,9,1
14,10,1
14,11,1
14,12,1
15,0,1
15,1,1
15,2,1
15,3,1
15,4,1
15,5,1
15,6,1
15,7,1
15,8,1
15,9,1
15,10,1
15,11,1
15,12,1
16,0,1
16,1,1
16,2,1
16,3,1
16,4,1
16,5,1
16,6,1
16,7,1
16,8,1
16,9,1
16,10,1
16,11,1
16,12,1
17,0,1
17,1,1
17,2,1
17,3,1
17,4,1
17,5,1
17,6,1
17,7,1
17,8,1
17,9,1
17,10,1
17,11,1
17,12,1
18,0,1
18,1,1
18,2,1
18,3,1
18,4,1
18,5,1
18,6,1
18,7,1
18,8,1
18,9,1
18,10,1
18,11,1
18,12,1
19,0,1
19,1,1
19,2,1
19,3,1
19,4,1
19,5,1
19,6,1
19,7,1
19,8,1
19,9,1
19,10,1
19,11,1
20,0,1
20,1,1
20,2,1
20,3,1
20,4,1
20,5,1
20,6,1
20,7,1
20,8,1
20,9,1
20,10,1
21,0,1
21,1,1
21,2,1
21,3,1
21,4,1
21,5,1
21,6,1
21,7,1
21,8,1
21,9,1
21,10,1
22,0,1
22,1,1
22,2,1
22,3,1
22,4,1
22,5,1
22,6,1
22,7,1
22,8,1
22,9,1
22,10,1
23,0,1
23,1,1
23,2,1
23,3,1
23,4,1
23,5,1
23,6,1
23,7,1
23,8,1
23,9,1
23,10,1
24,0,1
24,1,1
24,2,1
24,3,1
24,4,1
24,5,1
24,6,1
24,7,1
24,8,1
24,9,1
24,10,1
25,0,1
25,1,1
25,2,1
25,3,1
25,4,1
25,5,1
25,6,1
25,7,1
25,8,1
25,9,1
26,0,1
26,1,1
26,2,1
26,3,1
26,4,1
26,5,1
26,6,1
26,7,1
26,8,1
26,9,1
27,0,1
27,1,1
27,2,1
27,3,1
27,4,1
27,5,1
27,6,1
27,7,1
27,8,1
27,9,1
28,0,1
28,1,1
28,2,1
28,3,1
28,4,1
28,5,1
28,6,1
28,7,1
28,8,1
28,9,1
29,0,1
29,1,1
29,2,1
29,3,1
29,4,1
29,5,1
29,6,1
29,7,1
29,8,1
29,9,1
30,0,1
30,1,1
30,2,1
30,3,1
30,4,1
30,5,1
30,6,1
30,7,1
30,8,1
30,9,1
31,0,1
31,1,1
31,2,1
31,3,1
31,4,1
31,5,1
31,6,1
31,7,1
31,8,1
31,9,1
32,0,1
32,1,1
32,2,1
32,3,1
32,4,1
32,5,1
32,6,1
32,7,1
32,8,1
32,9,1
33,0,1
33,1,1
33,2,1
33,3,1
33,4,1
33,5,1
33,6,1
33,7,1
33,8,1
33,9,1
34,0,1
34,1,1
34,2,1
34,3,1
34,4,1
34,5,1
34,6,1
34,7,1
34,8,1
34,9,1
35,0,1
35,1,1
35,2,1
35,3,1
35,4,1
35,5,1
35,6,1
35,7,1
35,8,1
36,0,1
36,1,1
36,2,1
36,3,1
36,4,1
36,5,1
36,6,1
36,7,1
36,8,1
37,0,1
37,1,1
37,2,1
37,3,1
37,4,1
37,5,1
37,6,1
37,7,1
38,0,1
38,1,1
38,2,1
38,3,1
38,4,1
38,5,1
38,6,1
39,0,1
39,1,1
39,2,1
39,3,1
39,4,1
39,5,1
39,6,1
40,0,1
40,1,1
40,2,1
40,3,1
40,4,1
40,5,1
40,6,1
41,0,1
41,1,1
41,2,1
41,3,1
41,4,1
41,5,1
41,6,1
42,0,1
42,1,1
42,2,1
42,3,1
42,4,1
42,5,1
43,0,1
43,1,1
43,2,1
43,3,1
43,4,1
44,0,1
44,1,1
44,2,1
44,3,1
44,4,1
45,0,1
45,1,1
45,2,1
45,3,1
45,4,1
46,0,1
46,1,1
46,2,1
46,3,1
46,4,1
47,0,1
47,1,1
47,2,1
47,3,1
47,4,1
48,0,1
48,1,1
48,2,1
48,3,1
48,4,1
49,0,1
49,1,1
49,2,1
49,3,1
49,4,1
50,0,1
50,1,1
50,2,1
50,3,1
50,4,1
51,0,1
51,1,1
51,2,1
51,3,1
52,0,1
52,1,1
52,2,1
52,3,1
53,0,1
53,1,1
53,2,1
53,3,1
54,0,1
54,1,1
54,2,1
54,3,1
55,0,1
55,1,1
55,2,1
55,3,1
56,0,1
56,1,1
56,2,1
56,3,1
57,0,1
57,1,1
57,2,1
57,3,1
58,0,1
58,1,1
58,2,1
58,3,1
59,0,1
59,1,1
59,2,1
59,3,1
60,0,1
60,1,1
60,2,1
60,3,1
61,0,1
61,1,1
61,2,1
62,0,1
62,1,1
62,2,1
63,0,1
63,1,1
63,2,1
64,0,1
64,1,1
64,2,1
65,0,1
65,1,1
66,0,1
66,1,1
67,0,1
67,1,1
68,0,1
68,1,1
69,0,1
69,1,1
70,0,1
70,1,1
71,0,1
71,1,1
72,0,1
72,1,1
73,0,1
74,0,1
75,0,1
76,0,1
77,0,1
78,0,1
79,0,1
80,0,1
81,0,1
82,0,1
83,0,1
84,0,1
85,0,1
86,0,1
87,0,1
88,0,1
89,0,1
90,0,1
91,0,1
92,0,1
93,0,1
94,0,1
95,0,1
96,0,1
97,0,1
98,0,1
99,0,1
100,0,1
101,0,1
102,0,1
103,0,1
104,0,1
105,0,1
106,0,1
107,0,1
108,0,1
109,0,1
110,0,1
111,0,1
112,0,1
113,0,1
114,0,1
115,0,1
116,0,1
117,0,1
118,0,1
119,0,1
120,0,1
121,0,1
122,0,1
123,0,1
124,0,1
125,0,1
126,0,1
127,0,1
128,0,1
129,0,1
130,0,1
131,0,1
132,0,1
133,0,1
134,0,1
135,0,1
136,0,1
137,0,1
138,0,1
139,0,1
140,0,1
141,0,1
142,0,1
143,0,1
144,0,1
145,0,1
146,0,1
147,0,1
148,0,1
149,0,1
150,0,1
151,0,1
152,0,1
153,0,1
154,0,1
155,0,1
156,0,1
157,0,1
158,0,1
159,0,1
160,0,1
161,0,1
162,0,1
163,0,1
164,0,1
165,0,1
166,0,1
167,0,1
168,0,1
169,0,1
170,0,1
171,0,1
172,0,1
173,0,1
174,0,1
175,0,1
176,0,1
177,0,1
178,0,1
179,0,1
180,0,1
181,0,1
182,0,1
183,0,1
184,0,1
185,0,1
186,0,1
187,0,1
188,0,1
189,0,1
190,0,1
191,0,1
192,0,1
193,0,1
194,0,1
195,0,1
196,0,1
197,0,1
198,0,1
199,0,1
200,0,1
201,0,1
202,0,1
203,0,1
204,0,1
205,0,1
206,0,1
207,0,1
208,0,1
209,0,1
210,0,1
211,0,1
212,0,1
213,0,1
214,0,1
215,0,1
216,0,1
217,0,1
