0,0
0,1
0,2
0,3
0,4
0,5
0,6
0,7
0,8
0,9
0,10
0,11
0,12
0,13
0,14
0,15
0,16
0,17
0,18
0,19
0,20
0,21
0,22
0,23
0,24
0,25
0,26
0,27
0,28
0,29
0,30
0,31
0,32
0,33
0,34
0,35
0,36
0,37
0,38
0,39
0,40
0,41
0,42
0,43
0,44
0,45
0,46
0,47
0,48
0,49
0,50
0,51
0,52
0,53
0,54
0,55
0,56
0,57
0,58
0,59
0,60
0,61
0,62
0,63
0,64
0,65
0,66
0,67
0,68
0,69
0,70
0,71
0,72
0,73
0,74
0,75
0,76
0,77
0,78
0,79
0,80
0,81
0,82
0,83
0,84
0,85
0,86
0,87
0,88
0,89
0,90
0,91
0,92
0,93
0,94
0,95
0,96
0,97
0,98
0,99
0,100
0,101
0,102
0,103
0,104
0,105
0,106
0,107
0,108
0,109
0,110
0,111
0,112
0,113
0,114
0,115
0,116
0,117
0,118
0,119
0,120
0,121
0,122
0,123
0,124
0,125
0,126
0,127
0,128
0,129
0,130
0,131
0,132
0,133
0,134
0,135
0,136
0,137
0,138
0,139
0,140
0,141
0,142
0,143
0,144
0,145
0,146
0,147
0,148
0,149
0,150
0,151
0,152
0,153
0,154
0,155
0,156
0,157
0,158
0,159
0,160
0,161
0,162
0,163
0,164
0,165
0,166
0,167
0,168
0,169
0,170
0,171
0,172
0,173
0,174
0,175
0,176
0,177
0,178
0,179
0,180
0,181
0,182
0,183
0,184
0,185
0,186
0,187
0,188
0,189
0,190
0,191
0,192
0,193
0,194
0,195
0,196
0,197
0,198
0,199
0,200
0,201
0,202
0,203
0,204
0,205
0,206
0,207
0,208
0,209
0,210
0,211
0,212
0,213
0,214
0,215
0,216
0,217
0,218
0,219
0,220
0,221
0,222
0,223
0,224
0,225
0,226
0,227
0,228
0,229
0,230
0,231
0,232
0,233
0,234
0,235
0,236
0,237
0,238
0,239
0,240
0,241
0,242
0,243
0,244
0,245
0,246
0,247
0,248
0,249
0,250
0,251
0,252
0,253
0,254
0,255
0,256
0,257
0,258
0,259
0,260
0,261
0,262
0,263
0,264
0,265
0,266
0,267
0,268
0,269
0,270
0,271
0,272
0,273
0,274
0,275
0,276
0,277
0,278
0,279
0,280
0,281
0,282
0,283
0,284
0,285
0,286
0,287
0,288
0,289
0,290
0,291
0,292
0,293
0,294
0,295
0,296
0,297
0,298
0,299
0,300
0,301
0,302
0,303
0,304
0,305
0,306
0,307
0,308
0,309
0,310
0,311
0,312
0,313
0,314
0,315
0,316
0,317
0,318
0,319
0,320
0,321
0,322
0,323
0,324
0,325
0,326
0,327
0,328
0,329
0,330
0,331
0,332
0,333
0,334
0,335
0,336
0,337
0,338
0,339
0,340
0,341
0,342
0,343
0,344
0,345
0,346
0,347
0,348
0,349
0,350
0,351
0,352
0,353
0,354
0,355
0,356
0,357
0,358
0,359
0,360
0,361
0,362
0,363
0,364
0,365
0,366
0,367
0,368
0,369
0,370
0,371
0,372
0,373
0,374
0,375
0,376
0,377
0,378
0,379
0,380
0,381
0,382
0,383
0,384
0,385
0,386
0,387
0,388
0,389
0,390
0,391
0,392
0,393
0,394
0,395
0,396
0,397
0,398
0,399
0,400
0,401
0,402
0,403
0,404
0,405
0,406
0,407
0,408
0,409
0,410
0,411
0,412
0,413
0,414
0,415
0,416
0,417
0,418
0,419
0,420
0,421
0,422
0,423
0,424
0,425
0,426
0,427
0,428
0,429
0,430
0,431
0,432
0,433
0,434
0,435
0,436
0,437
0,438
0,439
0,440
0,441
0,442
0,443
0,444
0,445
0,446
0,447
0,448
0,449
0,450
0,451
0,452
0,453
0,454
0,455
0,456
0,457
0,458
0,459
0,460
0,461
0,462
0,463
0,464
0,465
0,466
0,467
0,468
0,469
0,470
0,471
0,472
0,473
0,474
0,475
0,476
0,477
0,478
0,479
0,480
0,481
0,482
0,483
0,484
0,485
0,486
0,487
0,488
0,489
0,490
0,491
0,492
0,493
0,494
0,495
0,496
0,497
0,498
0,499
0,500
0,501
0,502
0,503
0,504
0,505
0,506
0,507
0,508
0,509
0,510
0,511
0,512
0,513
0,514
0,515
0,516
0,517
0,518
0,519
0,520
0,521
0,522
0,523
0,524
0,525
0,526
0,527
0,528
0,529
0,530
0,531
0,532
0,533
0,534
0,535
0,536
0,537
0,538
0,539
0,540
0,541
0,542
0,543
0,544
0,545
0,546
0,547
0,548
0,549
0,550
0,551
0,552
0,553
0,554
0,555
0,556
0,557
0,558
0,559
0,560
0,561
0,562
0,563
0,564
0,565
0,566
0,567
0,568
0,569
0,570
0,571
0,572
0,573
0,574
0,575
0,576
0,577
0,578
0,579
0,580
0,581
0,582
0,583
0,584
0,585
0,586
0,587
0,588
0,589
0,590
0,591
0,592
0,593
0,594
0,595
0,596
0,597
0,598
0,599
0,600
0,601
0,602
0,603
0,604
0,605
0,606
0,607
0,608
0,609
0,610
0,611
0,612
0,613
0,614
0,615
0,616
0,617
0,618
0,619
0,620
0,621
0,622
0,623
0,624
0,625
0,626
0,627
0,628
0,629
0,630
0,631
0,632
0,633
0,634
0,635
0,636
0,637
0,638
0,639
0,640
0,641
0,642
0,643
0,644
0,645
0,646
0,647
0,648
0,649
0,650
0,651
0,652
0,653
0,654
0,655
0,656
0,657
0,658
0,659
0,660
0,661
0,662
0,663
0,664
0,665
0,666
0,667
0,668
0,669
0,670
0,671
0,672
0,673
0,674
0,675
0,676
0,677
0,678
0,679
0,680
0,681
0,682
0,683
0,684
0,685
0,686
0,687
0,688
0,689
0,690
1,0
1,1
1,2
1,3
1,4
1,5
1,6
1,7
1,8
1,9
1,10
1,11
1,12
1,13
1,14
1,15
1,16
1,17
1,18
1,19
1,20
1,21
1,22
1,23
1,24
1,25
1,26
1,27
1,28
1,29
1,30
1,31
1,32
1,33
1,34
1,35
1,36
1,37
1,38
1,39
1,40
1,41
1,42
1,43
1,44
1,45
1,46
1,47
1,48
1,49
1,50
1,51
1,52
1,53
1,54
1,55
1,56
1,57
1,58
1,59
1,60
1,61
1,62
1,63
1,64
1,65
1,66
1,67
1,68
1,69
1,70
1,71
1,72
1,73
1,74
1,75
1,76
1,77
1,78
1,79
1,80
1,81
1,82
1,83
1,84
1,85
1,86
1,87
1,88
1,89
1,90
1,91
1,92
1,93
1,94
1,95
1,96
1,97
1,98
1,99
1,100
1,101
1,102
1,103
1,104
1,105
1,106
1,107
1,108
1,109
1,110
1,111
1,112
1,113
1,114
1,115
1,116
1,117
1,118
1,119
1,120
1,121
1,122
1,123
1,124
1,125
1,126
1,127
1,128
1,129
1,130
1,131
1,132
1,133
1,134
1,135
1,136
1,137
1,138
1,139
1,140
1,141
1,142
1,143
1,144
1,145
1,146
1,147
1,148
1,149
1,150
1,151
1,152
1,153
1,154
1,155
1,156
1,157
1,158
1,159
1,160
1,161
1,162
1,163
1,164
1,165
1,166
1,167
1,168
1,169
1,170
1,171
1,172
1,173
1,174
1,175
1,176
1,177
1,178
1,179
1,180
1,181
1,182
1,183
1,184
1,185
1,186
1,187
1,188
1,189
1,190
1,191
1,192
1,193
1,194
1,195
1,196
1,197
1,198
1,199
1,200
1,201
1,202
1,203
1,204
1,205
1,206
1,207
1,208
1,209
1,210
1,211
1,212
1,213
1,214
1,215
1,216
1,217
1,218
1,219
1,220
1,221
1,222
1,223
1,224
1,225
1,226
1,227
1,228
1,229
1,230
1,231
1,232
1,233
1,234
1,235
1,236
1,237
1,238
1,239
1,240
1,241
1,242
1,243
1,244
1,245
1,246
1,247
1,248
1,249
1,250
1,251
1,252
1,253
1,254
1,255
1,256
1,257
1,258
1,259
1,260
1,261
1,262
1,263
1,264
1,265
1,266
1,267
1,268
1,269
1,270
1,271
1,272
1,273
1,274
1,275
1,276
1,277
1,278
1,279
1,280
1,281
1,282
1,283
1,284
1,285
1,286
1,287
1,288
1,289
1,290
1,291
1,292
1,293
1,294
1,295
1,296
1,297
1,298
1,299
1,300
1,301
1,302
1,303
1,304
1,305
1,306
1,307
1,308
1,309
1,310
1,311
1,312
1,313
1,314
1,315
1,316
1,317
1,318
1,319
1,320
1,321
1,322
1,323
1,324
1,325
1,326
1,327
1,328
1,329
1,330
1,331
1,332
1,333
1,334
1,335
1,336
1,337
1,338
1,339
1,340
1,341
1,342
1,343
1,344
1,345
1,346
1,347
1,348
1,349
1,350
1,351
1,352
1,353
1,354
1,355
1,356
1,357
1,358
1,359
1,360
1,361
1,362
1,363
1,364
1,365
1,366
1,367
1,368
1,369
1,370
1,371
1,372
1,373
1,374
1,375
1,376
1,377
1,378
1,379
1,380
1,381
1,382
1,383
1,384
1,385
1,386
1,387
1,388
1,389
1,390
1,391
1,392
1,393
1,394
1,395
1,396
1,397
1,398
1,399
1,400
1,401
1,402
1,403
1,404
1,405
1,406
1,407
1,408
1,409
1,410
1,411
1,412
1,413
1,414
1,415
1,416
1,417
1,418
1,419
1,420
1,421
1,422
1,423
1,424
1,425
1,426
1,427
1,428
1,429
1,430
1,431
1,432
1,433
1,434
1,435
1,436
1,437
1,438
1,439
1,440
1,441
1,442
1,443
1,444
1,445
1,446
1,447
1,448
1,449
1,450
1,451
1,452
1,453
1,454
1,455
1,456
1,457
1,458
1,459
1,460
1,461
1,462
1,463
1,464
1,465
1,466
1,467
1,468
1,469
1,470
1,471
1,472
1,473
1,474
1,475
1,476
1,477
1,478
1,479
1,480
1,481
1,482
1,483
1,484
1,485
1,486
1,487
1,488
1,489
1,490
1,491
1,492
1,493
1,494
1,495
1,496
1,497
1,498
1,499
1,500
1,501
1,502
1,503
1,504
1,505
1,506
1,507
1,508
1,509
1,510
1,511
1,512
1,513
1,514
1,515
1,516
1,517
1,518
1,519
1,520
1,521
1,522
1,523
1,524
1,525
1,526
1,527
1,528
1,529
1,530
1,531
1,532
1,533
1,534
1,535
1,536
1,537
1,538
1,539
1,540
1,541
1,542
1,543
1,544
1,545
1,546
1,547
1,548
1,549
1,550
1,551
1,552
1,553
1,554
1,555
1,556
1,557
1,558
1,559
1,560
1,561
1,562
1,563
1,564
1,565
1,566
1,567
1,568
1,569
1,570
1,571
1,572
1,573
1,574
1,575
1,576
1,577
1,578
1,579
1,580
1,581
1,582
1,583
1,584
1,585
1,586
1,587
1,588
1,589
1,590
1,591
1,592
1,593
1,594
1,595
1,596
1,597
1,598
1,599
1,600
1,601
1,602
1,603
1,604
1,605
1,606
1,607
1,608
1,609
1,610
1,611
1,612
1,613
1,614
1,615
1,616
1,617
1,618
1,619
1,620
1,621
1,622
1,623
1,624
1,625
1,626
1,627
1,628
1,629
1,630
2,0
2,1
2,2
2,3
2,4
2,5
2,6
2,7
2,8
2,9
2,10
2,11
2,12
2,13
2,14
2,15
2,16
2,17
2,18
2,19
2,20
2,21
2,22
2,23
2,24
2,25
2,26
2,27
2,28
2,29
2,30
2,31
2,32
2,33
2,34
2,35
2,36
2,37
2,38
2,39
2,40
2,41
2,42
2,43
2,44
2,45
2,46
2,47
2,48
2,49
2,50
2,51
2,52
2,53
2,54
2,55
2,56
2,57
2,58
2,59
2,60
2,61
2,62
2,63
2,64
2,65
2,66
2,67
2,68
2,69
2,70
2,71
2,72
2,73
2,74
2,75
2,76
2,77
2,78
2,79
2,80
2,81
2,82
2,83
2,84
2,85
2,86
2,87
2,88
2,89
2,90
2,91
2,92
2,93
2,94
2,95
2,96
2,97
2,98
2,99
2,100
2,101
2,102
2,103
2,104
2,105
2,106
2,107
2,108
2,109
2,110
2,111
2,112
2,113
2,114
2,115
2,116
2,117
2,118
2,119
2,120
2,121
2,122
2,123
2,124
2,125
2,126
2,127
2,128
2,129
2,130
2,131
2,132
2,133
2,134
2,135
2,136
2,137
2,138
2,139
2,140
2,141
2,142
2,143
2,144
2,145
2,146
2,147
2,148
2,149
2,150
2,151
2,152
2,153
2,154
2,155
2,156
2,157
2,158
2,159
2,160
2,161
2,162
2,163
2,164
2,165
2,166
2,167
2,168
2,169
2,170
2,171
2,172
2,173
2,174
2,175
2,176
2,177
2,178
2,179
2,180
2,181
2,182
2,183
2,184
2,185
2,186
2,187
2,188
2,189
2,190
2,191
2,192
2,193
2,194
2,195
2,196
2,197
2,198
2,199
2,200
2,201
2,202
2,203
2,204
2,205
2,206
2,207
2,208
2,209
2,210
2,211
2,212
2,213
2,214
2,215
2,216
2,217
2,218
2,219
2,220
2,221
2,222
2,223
2,224
2,225
2,226
2,227
2,228
2,229
2,230
2,231
2,232
2,233
2,234
2,235
2,236
2,237
2,238
2,239
2,240
2,241
2,242
2,243
2,244
2,245
2,246
2,247
2,248
2,249
2,250
2,251
2,252
2,253
2,254
2,255
2,256
2,257
2,258
2,259
2,260
2,261
2,262
2,263
2,264
2,265
2,266
2,267
2,268
2,269
2,270
2,271
2,272
2,273
2,274
2,275
2,276
2,277
2,278
2,279
2,280
2,281
2,282
2,283
2,284
2,285
2,286
2,287
2,288
2,289
2,290
2,291
2,292
2,293
2,294
2,295
2,296
2,297
2,298
2,299
2,300
2,301
2,302
2,303
2,304
2,305
2,306
2,307
2,308
2,309
2,310
2,311
2,312
2,313
2,314
2,315
2,316
2,317
2,318
2,319
2,320
2,321
2,322
2,323
2,324
2,325
2,326
2,327
2,328
2,329
2,330
2,331
2,332
2,333
2,334
2,335
2,336
2,337
2,338
2,339
2,340
2,341
2,342
2,343
2,344
2,345
2,346
2,347
2,348
2,349
2,350
2,351
2,352
2,353
2,354
2,355
2,356
2,357
2,358
2,359
2,360
2,361
2,362
2,363
2,364
2,365
2,366
2,367
2,368
2,369
2,370
2,371
2,372
2,373
2,374
2,375
2,376
2,377
2,378
2,379
2,380
2,381
2,382
2,383
2,384
2,385
2,386
2,387
2,388
2,389
2,390
2,391
2,392
2,393
2,394
2,395
2,396
2,397
2,398
2,399
2,400
2,401
2,402
2,403
2,404
2,405
2,406
2,407
2,408
2,409
2,410
2,411
2,412
2,413
2,414
2,415
2,416
2,417
2,418
2,419
2,420
2,421
2,422
2,423
2,424
2,425
2,426
2,427
2,428
2,429
2,430
2,431
2,432
2,433
2,434
2,435
2,436
2,437
2,438
2,439
2,440
2,441
2,442
2,443
2,444
2,445
2,446
2,447
2,448
2,449
2,450
2,451
2,452
2,453
2,454
2,455
2,456
2,457
2,458
2,459
2,460
2,461
2,462
2,463
2,464
2,465
2,466
2,467
2,468
2,469
2,470
2,471
2,472
2,473
2,474
2,475
2,476
2,477
2,478
2,479
2,480
2,481
2,482
2,483
2,484
2,485
2,486
2,487
2,488
2,489
2,490
2,491
2,492
2,493
2,494
2,495
2,496
2,497
2,498
2,499
2,500
2,501
2,502
2,503
2,504
2,505
2,506
2,507
3,0
3,1
3,2
3,3
3,4
3,5
3,6
3,7
3,8
3,9
3,10
3,11
3,12
3,13
3,14
3,15
3,16
3,17
3,18
3,19
3,20
3,21
3,22
3,23
3,24
3,25
3,26
3,27
3,28
3,29
3,30
3,31
3,32
3,33
3,34
3,35
3,36
3,37
3,38
3,39
3,40
3,41
3,42
3,43
3,44
3,45
3,46
3,47
3,48
3,49
3,50
3,51
3,52
3,53
3,54
3,55
3,56
3,57
3,58
3,59
3,60
3,61
3,62
3,63
3,64
3,65
3,66
3,67
3,68
3,69
3,70
3,71
3,72
3,73
3,74
3,75
3,76
3,77
3,78
3,79
3,80
3,81
3,82
3,83
3,84
3,85
3,86
3,87
3,88
3,89
3,90
3,91
3,92
3,93
3,94
3,95
3,96
3,97
3,98
3,99
3,100
3,101
3,102
3,103
3,104
3,105
3,106
3,107
3,108
3,109
3,110
3,111
3,112
3,113
3,114
3,115
3,116
3,117
3,118
3,119
3,120
3,121
3,122
3,123
3,124
3,125
3,126
3,127
3,128
3,129
3,130
3,131
3,132
3,133
3,134
3,135
3,136
3,137
3,138
3,139
3,140
3,141
3,142
3,143
3,144
3,145
3,146
3,147
3,148
3,149
3,150
3,151
3,152
3,153
3,154
3,155
3,156
3,157
3,158
3,159
3,160
3,161
3,162
3,163
3,164
3,165
3,166
3,167
3,168
3,169
3,170
3,171
3,172
3,173
3,174
3,175
3,176
3,177
3,178
3,179
3,180
3,181
3,182
3,183
3,184
3,185
3,186
3,187
3,188
3,189
3,190
3,191
3,192
3,193
3,194
3,195
3,196
3,197
3,198
3,199
3,200
3,201
3,202
3,203
3,204
3,205
3,206
3,207
3,208
3,209
3,210
3,211
3,212
3,213
3,214
3,215
3,216
3,217
3,218
3,219
3,220
3,221
3,222
3,223
3,224
3,225
3,226
3,227
3,228
3,229
3,230
3,231
3,232
3,233
3,234
3,235
3,236
3,237
3,238
3,239
3,240
3,241
3,242
3,243
3,244
3,245
3,246
3,247
3,248
3,249
3,250
3,251
3,252
3,253
3,254
3,255
3,256
3,257
3,258
3,259
3,260
3,261
3,262
3,263
3,264
3,265
3,266
3,267
3,268
3,269
3,270
3,271
3,272
3,273
3,274
3,275
3,276
3,277
3,278
3,279
3,280
3,281
3,282
3,283
3,284
3,285
3,286
3,287
3,288
3,289
3,290
3,291
3,292
3,293
3,294
3,295
3,296
3,297
3,298
3,299
3,300
3,301
3,302
3,303
3,304
3,305
3,306
3,307
3,308
3,309
3,310
3,311
3,312
3,313
3,314
3,315
3,316
3,317
3,318
3,319
3,320
3,321
3,322
3,323
3,324
3,325
3,326
3,327
3,328
3,329
3,330
3,331
3,332
3,333
3,334
3,335
3,336
3,337
3,338
3,339
3,340
3,341
3,342
3,343
3,344
3,345
3,346
3,347
3,348
3,349
3,350
3,351
3,352
3,353
3,354
3,355
3,356
3,357
3,358
3,359
3,360
3,361
3,362
3,363
3,364
3,365
3,366
3,367
3,368
3,369
3,370
3,371
3,372
3,373
3,374
3,375
3,376
3,377
3,378
3,379
3,380
3,381
3,382
3,383
3,384
3,385
3,386
3,387
3,388
3,389
3,390
3,391
3,392
3,393
3,394
3,395
3,396
4,0
4,1
4,2
4,3
4,4
4,5
4,6
4,7
4,8
4,9
4,10
4,11
4,12
4,13
4,14
4,15
4,16
4,17
4,18
4,19
4,20
4,21
4,22
4,23
4,24
4,25
4,26
4,27
4,28
4,29
4,30
4,31
4,32
4,33
4,34
4,35
4,36
4,37
4,38
4,39
4,40
4,41
4,42
4,43
4,44
4,45
4,46
4,47
4,48
4,49
4,50
4,51
4,52
4,53
4,54
4,55
4,56
4,57
4,58
4,59
4,60
4,61
4,62
4,63
4,64
4,65
4,66
4,67
4,68
4,69
4,70
4,71
4,72
4,73
4,74
4,75
4,76
4,77
4,78
4,79
4,80
4,81
4,82
4,83
4,84
4,85
4,86
4,87
4,88
4,89
4,90
4,91
4,92
4,93
4,94
4,95
4,96
4,97
4,98
4,99
4,100
4,101
4,102
4,103
4,104
4,105
4,106
4,107
4,108
4,109
4,110
4,111
4,112
4,113
4,114
4,115
4,116
4,117
4,118
4,119
4,120
4,121
4,122
4,123
4,124
4,125
4,126
4,127
4,128
4,129
4,130
4,131
4,132
4,133
4,134
4,135
4,136
4,137
4,138
4,139
4,140
4,141
4,142
4,143
4,144
4,145
4,146
4,147
4,148
4,149
4,150
4,151
4,152
4,153
4,154
4,155
4,156
4,157
4,158
4,159
4,160
4,161
4,162
4,163
4,164
4,165
4,166
4,167
4,168
4,169
4,170
4,171
4,172
4,173
4,174
4,175
4,176
4,177
4,178
4,179
4,180
4,181
4,182
4,183
4,184
4,185
4,186
4,187
4,188
4,189
4,190
4,191
4,192
4,193
4,194
4,195
4,196
4,197
4,198
4,199
4,200
4,201
4,202
4,203
4,204
4,205
4,206
4,207
4,208
4,209
4,210
4,211
4,212
4,213
4,214
4,215
4,216
4,217
4,218
4,219
4,220
4,221
4,222
4,223
4,224
4,225
4,226
4,227
4,228
4,229
4,230
4,231
4,232
4,233
4,234
4,235
4,236
4,237
4,238
4,239
4,240
4,241
4,242
4,243
4,244
4,245
4,246
4,247
4,248
4,249
4,250
4,251
4,252
4,253
4,254
4,255
4,256
4,257
4,258
4,259
4,260
4,261
4,262
4,263
4,264
4,265
4,266
4,267
4,268
4,269
4,270
4,271
4,272
4,273
4,274
4,275
4,276
4,277
4,278
4,279
4,280
4,281
4,282
4,283
4,284
4,285
4,286
4,287
4,288
4,289
4,290
4,291
4,292
4,293
4,294
4,295
4,296
4,297
4,298
4,299
4,300
4,301
4,302
4,303
4,304
4,305
4,306
4,307
4,308
4,309
4,310
4,311
4,312
4,313
4,314
4,315
4,316
4,317
5,0
5,1
5,2
5,3
5,4
5,5
5,6
5,7
5,8
5,9
5,10
5,11
5,12
5,13
5,14
5,15
5,16
5,17
5,18
5,19
5,20
5,21
5,22
5,23
5,24
5,25
5,26
5,27
5,28
5,29
5,30
5,31
5,32
5,33
5,34
5,35
5,36
5,37
5,38
5,39
5,40
5,41
5,42
5,43
5,44
5,45
5,46
5,47
5,48
5,49
5,50
5,51
5,52
5,53
5,54
5,55
5,56
5,57
5,58
5,59
5,60
5,61
5,62
5,63
5,64
5,65
5,66
5,67
5,68
5,69
5,70
5,71
5,72
5,73
5,74
5,75
5,76
5,77
5,78
5,79
5,80
5,81
5,82
5,83
5,84
5,85
5,86
5,87
5,88
5,89
5,90
5,91
5,92
5,93
5,94
5,95
5,96
5,97
5,98
5,99
5,100
5,101
5,102
5,103
5,104
5,105
5,106
5,107
5,108
5,109
5,110
5,111
5,112
5,113
5,114
5,115
5,116
5,117
5,118
5,119
5,120
5,121
5,122
5,123
5,124
5,125
5,126
5,127
5,128
5,129
5,130
5,131
5,132
5,133
5,134
5,135
5,136
5,137
5,138
5,139
5,140
5,141
5,142
5,143
5,144
5,145
5,146
5,147
5,148
5,149
5,150
5,151
5,152
5,153
5,154
5,155
5,156
5,157
5,158
5,159
5,160
5,161
5,162
5,163
5,164
5,165
5,166
5,167
5,168
5,169
5,170
5,171
5,172
5,173
5,174
5,175
5,176
5,177
5,178
5,179
5,180
5,181
5,182
5,183
5,184
5,185
5,186
5,187
5,188
5,189
5,190
5,191
5,192
5,193
5,194
5,195
5,196
5,197
5,198
5,199
5,200
5,201
5,202
5,203
5,204
5,205
5,206
5,207
5,208
5,209
5,210
5,211
5,212
5,213
5,214
5,215
5,216
5,217
5,218
5,219
5,220
5,221
5,222
5,223
5,224
5,225
5,226
5,227
5,228
5,229
5,230
5,231
5,232
5,233
5,234
5,235
5,236
5,237
5,238
5,239
5,240
5,241
5,242
5,243
5,244
5,245
5,246
5,247
5,248
5,249
5,250
5,251
5,252
5,253
5,254
5,255
5,256
5,257
5,258
5,259
5,260
5,261
5,262
5,263
5,264
5,265
5,266
5,267
5,268
5,269
5,270
5,271
5,272
5,273
5,274
5,275
5,276
5,277
5,278
5,279
5,280
5,281
5,282
5,283
5,284
5,285
5,286
5,287
5,288
5,289
5,290
5,291
5,292
5,293
5,294
5,295
5,296
5,297
5,298
5,299
5,300
5,301
5,302
5,303
5,304
5,305
5,306
5,307
5,308
5,309
5,310
5,311
5,312
5,313
6,0
6,1
6,2
6,3
6,4
6,5
6,6
6,7
6,8
6,9
6,10
6,11
6,12
6,13
6,14
6,15
6,16
6,17
6,18
6,19
6,20
6,21
6,22
6,23
6,24
6,25
6,26
6,27
6,28
6,29
6,30
6,31
6,32
6,33
6,34
6,35
6,36
6,37
6,38
6,39
6,40
6,41
6,42
6,43
6,44
6,45
6,46
6,47
6,48
6,49
6,50
6,51
6,52
6,53
6,54
6,55
6,56
6,57
6,58
6,59
6,60
6,61
6,62
6,63
6,64
6,65
6,66
6,67
6,68
6,69
6,70
6,71
6,72
6,73
6,74
6,75
6,76
6,77
6,78
6,79
6,80
6,81
6,82
6,83
6,84
6,85
6,86
6,87
6,88
6,89
6,90
6,91
6,92
6,93
6,94
6,95
6,96
6,97
6,98
6,99
6,100
6,101
6,102
6,103
6,104
6,105
6,106
6,107
6,108
6,109
6,110
6,111
6,112
6,113
6,114
6,115
6,116
6,117
6,118
6,119
6,120
6,121
6,122
6,123
6,124
6,125
6,126
6,127
6,128
6,129
6,130
6,131
6,132
6,133
6,134
6,135
6,136
6,137
6,138
6,139
6,140
6,141
6,142
6,143
6,144
6,145
6,146
6,147
6,148
6,149
6,150
6,151
6,152
6,153
6,154
6,155
6,156
6,157
6,158
6,159
6,160
6,161
6,162
6,163
6,164
6,165
6,166
6,167
6,168
6,169
6,170
6,171
6,172
6,173
6,174
6,175
6,176
6,177
6,178
6,179
6,180
6,181
6,182
6,183
6,184
6,185
6,186
6,187
6,188
6,189
6,190
6,191
6,192
6,193
6,194
6,195
6,196
6,197
6,198
6,199
6,200
6,201
6,202
6,203
6,204
6,205
6,206
6,207
6,208
6,209
6,210
6,211
6,212
6,213
6,214
6,215
6,216
6,217
6,218
6,219
6,220
6,221
6,222
6,223
6,224
6,225
6,226
6,227
6,228
6,229
6,230
6,231
6,232
6,233
6,234
6,235
6,236
6,237
6,238
6,239
6,240
6,241
6,242
6,243
6,244
6,245
6,246
6,247
6,248
6,249
6,250
6,251
6,252
6,253
6,254
6,255
6,256
6,257
6,258
6,259
6,260
6,261
6,262
6,263
6,264
6,265
7,0
7,1
7,2
7,3
7,4
7,5
7,6
7,7
7,8
7,9
7,10
7,11
7,12
7,13
7,14
7,15
7,16
7,17
7,18
7,19
7,20
7,21
7,22
7,23
7,24
7,25
7,26
7,27
7,28
7,29
7,30
7,31
7,32
7,33
7,34
7,35
7,36
7,37
7,38
7,39
7,40
7,41
7,42
7,43
7,44
7,45
7,46
7,47
7,48
7,49
7,50
7,51
7,52
7,53
7,54
7,55
7,56
7,57
7,58
7,59
7,60
7,61
7,62
7,63
7,64
7,65
7,66
7,67
7,68
7,69
7,70
7,71
7,72
7,73
7,74
7,75
7,76
7,77
7,78
7,79
7,80
7,81
7,82
7,83
7,84
7,85
7,86
7,87
7,88
7,89
7,90
7,91
7,92
7,93
7,94
7,95
7,96
7,97
7,98
7,99
7,100
7,101
7,102
7,103
7,104
7,105
7,106
7,107
7,108
7,109
7,110
7,111
7,112
7,113
7,114
7,115
7,116
7,117
7,118
7,119
7,120
7,121
7,122
7,123
7,124
7,125
7,126
7,127
7,128
7,129
7,130
7,131
7,132
7,133
7,134
7,135
7,136
7,137
7,138
7,139
7,140
7,141
7,142
7,143
7,144
7,145
7,146
7,147
7,148
7,149
7,150
7,151
7,152
7,153
7,154
7,155
7,156
7,157
7,158
7,159
7,160
7,161
7,162
7,163
7,164
7,165
7,166
7,167
7,168
7,169
7,170
7,171
7,172
7,173
7,174
7,175
7,176
7,177
7,178
7,179
7,180
7,181
7,182
7,183
7,184
7,185
7,186
7,187
7,188
7,189
7,190
7,191
7,192
7,193
7,194
7,195
7,196
7,197
7,198
7,199
7,200
7,201
7,202
7,203
7,204
7,205
7,206
7,207
7,208
7,209
7,210
7,211
7,212
7,213
7,214
7,215
7,216
7,217
7,218
7,219
7,220
7,221
7,222
7,223
7,224
7,225
7,226
7,227
7,228
7,229
7,230
7,231
7,232
7,233
7,234
7,235
7,236
7,237
7,238
7,239
7,240
7,241
7,242
7,243
7,244
7,245
7,246
7,247
7,248
7,249
7,250
7,251
7,252
7,253
7,254
7,255
8,0
8,1
8,2
8,3
8,4
8,5
8,6
8,7
8,8
8,9
8,10
8,11
8,12
8,13
8,14
8,15
8,16
8,17
8,18
8,19
8,20
8,21
8,22
8,23
8,24
8,25
8,26
8,27
8,28
8,29
8,30
8,31
8,32
8,33
8,34
8,35
8,36
8,37
8,38
8,39
8,40
8,41
8,42
8,43
8,44
8,45
8,46
8,47
8,48
8,49
8,50
8,51
8,52
8,53
8,54
8,55
8,56
8,57
8,58
8,59
8,60
8,61
8,62
8,63
8,64
8,65
8,66
8,67
8,68
8,69
8,70
8,71
8,72
8,73
8,74
8,75
8,76
8,77
8,78
8,79
8,80
8,81
8,82
8,83
8,84
8,85
8,86
8,87
8,88
8,89
8,90
8,91
8,92
8,93
8,94
8,95
8,96
8,97
8,98
8,99
8,100
8,101
8,102
8,103
8,104
8,105
8,106
8,107
8,108
8,109
8,110
8,111
8,112
8,113
8,114
8,115
8,116
8,117
8,118
8,119
8,120
8,121
8,122
8,123
8,124
8,125
8,126
8,127
8,128
8,129
8,130
8,131
8,132
8,133
8,134
8,135
8,136
8,137
8,138
8,139
8,140
8,141
8,142
8,143
8,144
8,145
8,146
8,147
8,148
8,149
8,150
8,151
8,152
8,153
8,154
8,155
8,156
8,157
8,158
8,159
8,160
8,161
8,162
8,163
8,164
8,165
8,166
8,167
8,168
8,169
8,170
8,171
8,172
8,173
8,174
8,175
8,176
8,177
8,178
8,179
8,180
8,181
8,182
8,183
8,184
8,185
8,186
8,187
8,188
8,189
8,190
8,191
8,192
8,193
8,194
8,195
8,196
8,197
8,198
8,199
8,200
8,201
8,202
8,203
8,204
8,205
8,206
8,207
8,208
8,209
8,210
8,211
8,212
8,213
8,214
8,215
8,216
8,217
8,218
8,219
8,220
8,221
8,222
8,223
8,224
8,225
8,226
8,227
8,228
8,229
8,230
8,231
8,232
8,233
8,234
8,235
8,236
8,237
8,238
8,239
8,240
8,241
8,242
8,243
8,244
8,245
8,246
9,0
9,1
9,2
9,3
9,4
9,5
9,6
9,7
9,8
9,9
9,10
9,11
9,12
9,13
9,14
9,15
9,16
9,17
9,18
9,19
9,20
9,21
9,22
9,23
9,24
9,25
9,26
9,27
9,28
9,29
9,30
9,31
9,32
9,33
9,34
9,35
9,36
9,37
9,38
9,39
9,40
9,41
9,42
9,43
9,44
9,45
9,46
9,47
9,48
9,49
9,50
9,51
9,52
9,53
9,54
9,55
9,56
9,57
9,58
9,59
9,60
9,61
9,62
9,63
9,64
9,65
9,66
9,67
9,68
9,69
9,70
9,71
9,72
9,73
9,74
9,75
9,76
9,77
9,78
9,79
9,80
9,81
9,82
9,83
9,84
9,85
9,86
9,87
9,88
9,89
9,90
9,91
9,92
9,93
9,94
9,95
9,96
9,97
9,98
9,99
9,100
9,101
9,102
9,103
9,104
9,105
9,106
9,107
9,108
9,109
9,110
9,111
9,112
9,113
9,114
9,115
9,116
9,117
9,118
9,119
9,120
9,121
9,122
9,123
9,124
9,125
9,126
9,127
9,128
9,129
9,130
9,131
9,132
9,133
9,134
9,135
9,136
9,137
9,138
9,139
9,140
9,141
9,142
9,143
9,144
9,145
9,146
9,147
9,148
9,149
9,150
9,151
9,152
9,153
9,154
9,155
9,156
9,157
9,158
9,159
9,160
9,161
9,162
9,163
9,164
9,165
9,166
9,167
9,168
9,169
9,170
9,171
9,172
9,173
9,174
9,175
9,176
9,177
9,178
9,179
9,180
9,181
9,182
9,183
9,184
9,185
9,186
9,187
9,188
9,189
9,190
9,191
9,192
9,193
9,194
9,195
9,196
9,197
9,198
9,199
9,200
9,201
9,202
9,203
9,204
9,205
9,206
9,207
9,208
9,209
9,210
9,211
9,212
9,213
9,214
9,215
9,216
9,217
9,218
9,219
9,220
9,221
9,222
9,223
9,224
9,225
9,226
9,227
9,228
9,229
9,230
9,231
9,232
10,0
10,1
10,2
10,3
10,4
10,5
10,6
10,7
10,8
10,9
10,10
10,11
10,12
10,13
10,14
10,15
10,16
10,17
10,18
10,19
10,20
10,21
10,22
10,23
10,24
10,25
10,26
10,27
10,28
10,29
10,30
10,31
10,32
10,33
10,34
10,35
10,36
10,37
10,38
10,39
10,40
10,41
10,42
10,43
10,44
10,45
10,46
10,47
10,48
10,49
10,50
10,51
10,52
10,53
10,54
10,55
10,56
10,57
10,58
10,59
10,60
10,61
10,62
10,63
10,64
10,65
10,66
10,67
10,68
10,69
10,70
10,71
10,72
10,73
10,74
10,75
10,76
10,77
10,78
10,79
10,80
10,81
10,82
10,83
10,84
10,85
10,86
10,87
10,88
10,89
10,90
10,91
10,92
10,93
10,94
10,95
10,96
10,97
10,98
10,99
10,100
10,101
10,102
10,103
10,104
10,105
10,106
10,107
10,108
10,109
10,110
10,111
10,112
10,113
10,114
10,115
10,116
10,117
10,118
10,119
10,120
10,121
10,122
10,123
10,124
10,125
10,126
10,127
10,128
10,129
10,130
10,131
10,132
10,133
10,134
10,135
10,136
10,137
10,138
10,139
10,140
10,141
10,142
10,143
10,144
10,145
10,146
10,147
10,148
10,149
10,150
10,151
10,152
10,153
10,154
10,155
10,156
10,157
10,158
10,159
10,160
10,161
10,162
10,163
10,164
10,165
10,166
10,167
10,168
10,169
10,170
10,171
10,172
10,173
10,174
10,175
10,176
10,177
10,178
10,179
10,180
10,181
10,182
10,183
10,184
10,185
10,186
10,187
10,188
10,189
10,190
10,191
10,192
10,193
10,194
10,195
10,196
10,197
10,198
10,199
10,200
10,201
10,202
10,203
10,204
10,205
10,206
10,207
10,208
10,209
10,210
10,211
10,212
10,213
11,0
11,1
11,2
11,3
11,4
11,5
11,6
11,7
11,8
11,9
11,10
11,11
11,12
11,13
11,14
11,15
11,16
11,17
11,18
11,19
11,20
11,21
11,22
11,23
11,24
11,25
11,26
11,27
11,28
11,29
11,30
11,31
11,32
11,33
11,34
11,35
11,36
11,37
11,38
11,39
11,40
11,41
11,42
11,43
11,44
11,45
11,46
11,47
11,48
11,49
11,50
11,51
11,52
11,53
11,54
11,55
11,56
11,57
11,58
11,59
11,60
11,61
11,62
11,63
11,64
11,65
11,66
11,67
11,68
11,69
11,70
11,71
11,72
11,73
11,74
11,75
11,76
11,77
11,78
11,79
11,80
11,81
11,82
11,83
11,84
11,85
11,86
11,87
11,88
11,89
11,90
11,91
11,92
11,93
11,94
11,95
11,96
11,97
11,98
11,99
11,100
11,101
11,102
11,103
11,104
11,105
11,106
11,107
11,108
11,109
11,110
11,111
11,112
11,113
11,114
11,115
11,116
11,117
11,118
11,119
11,120
11,121
11,122
11,123
11,124
11,125
11,126
11,127
11,128
11,129
11,130
11,131
11,132
11,133
11,134
11,135
11,136
11,137
11,138
11,139
11,140
11,141
11,142
11,143
11,144
11,145
11,146
11,147
11,148
11,149
11,150
11,151
11,152
11,153
11,154
11,155
11,156
11,157
12,0
12,1
12,2
12,3
12,4
12,5
12,6
12,7
12,8
12,9
12,10
12,11
12,12
12,13
12,14
12,15
12,16
12,17
12,18
12,19
12,20
12,21
12,22
12,23
12,24
12,25
12,26
12,27
12,28
12,29
12,30
12,31
12,32
12,33
12,34
12,35
12,36
12,37
12,38
12,39
12,40
12,41
12,42
12,43
12,44
12,45
12,46
12,47
12,48
12,49
12,50
12,51
12,52
12,53
12,54
12,55
12,56
12,57
12,58
12,59
12,60
12,61
12,62
12,63
12,64
12,65
12,66
12,67
12,68
12,69
12,70
12,71
12,72
12,73
12,74
12,75
12,76
12,77
12,78
12,79
12,80
12,81
12,82
12,83
12,84
12,85
12,86
12,87
12,88
12,89
12,90
12,91
12,92
12,93
12,94
12,95
12,96
12,97
12,98
12,99
12,100
12,101
12,102
12,103
12,104
12,105
12,106
12,107
12,108
12,109
12,110
12,111
12,112
12,113
12,114
12,115
12,116
12,117
12,118
12,119
12,120
12,121
12,122
12,123
12,124
12,125
12,126
12,127
12,128
12,129
12,130
12,131
12,132
12,133
12,134
12,135
12,136
12,137
12,138
12,139
12,140
12,141
12,142
12,143
12,144
13,0
13,1
13,2
13,3
13,4
13,5
13,6
13,7
13,8
13,9
13,10
13,11
13,12
13,13
13,14
13,15
13,16
13,17
13,18
13,19
13,20
13,21
13,22
13,23
13,24
13,25
13,26
13,27
13,28
13,29
13,30
13,31
13,32
13,33
13,34
13,35
13,36
13,37
13,38
13,39
13,40
13,41
13,42
13,43
13,44
13,45
13,46
13,47
13,48
13,49
13,50
13,51
13,52
13,53
13,54
13,55
13,56
13,57
13,58
13,59
13,60
13,61
13,62
13,63
13,64
13,65
13,66
13,67
13,68
13,69
13,70
13,71
13,72
13,73
13,74
13,75
13,76
13,77
13,78
13,79
13,80
13,81
13,82
13,83
13,84
13,85
13,86
13,87
13,88
13,89
13,90
13,91
13,92
13,93
13,94
13,95
13,96
13,97
13,98
13,99
13,100
13,101
13,102
13,103
13,104
13,105
13,106
13,107
13,108
13,109
13,110
13,111
13,112
13,113
13,114
13,115
13,116
13,117
13,118
13,119
13,120
13,121
13,122
13,123
14,0
14,1
14,2
14,3
14,4
14,5
14,6
14,7
14,8
14,9
14,10
14,11
14,12
14,13
14,14
14,15
14,16
14,17
14,18
14,19
14,20
14,21
14,22
14,23
14,24
14,25
14,26
14,27
14,28
14,29
14,30
14,31
14,32
14,33
14,34
14,35
14,36
14,37
14,38
14,39
14,40
14,41
14,42
14,43
14,44
14,45
14,46
14,47
14,48
14,49
14,50
14,51
14,52
14,53
14,54
14,55
14,56
14,57
14,58
14,59
14,60
14,61
14,62
14,63
14,64
14,65
14,66
14,67
14,68
14,69
14,70
14,71
14,72
14,73
14,74
14,75
14,76
14,77
14,78
14,79
14,80
14,81
14,82
14,83
14,84
14,85
14,86
14,87
14,88
14,89
14,90
14,91
14,92
14,93
14,94
14,95
14,96
14,97
14,98
14,99
14,100
14,101
14,102
14,103
14,104
14,105
14,106
14,107
14,108
14,109
14,110
14,111
14,112
14,113
14,114
15,0
15,1
15,2
15,3
15,4
15,5
15,6
15,7
15,8
15,9
15,10
15,11
15,12
15,13
15,14
15,15
15,16
15,17
15,18
15,19
15,20
15,21
15,22
15,23
15,24
15,25
15,26
15,27
15,28
15,29
15,30
15,31
15,32
15,33
15,34
15,35
15,36
15,37
15,38
15,39
15,40
15,41
15,42
15,43
15,44
15,45
15,46
15,47
15,48
15,49
15,50
15,51
15,52
15,53
15,54
15,55
15,56
15,57
15,58
15,59
15,60
15,61
15,62
15,63
15,64
15,65
15,66
15,67
15,68
15,69
15,70
15,71
15,72
15,73
15,74
15,75
15,76
15,77
15,78
15,79
15,80
15,81
15,82
15,83
15,84
15,85
15,86
15,87
15,88
15,89
15,90
15,91
15,92
15,93
15,94
15,95
15,96
15,97
15,98
15,99
15,100
15,101
15,102
15,103
15,104
15,105
15,106
15,107
15,108
15,109
15,110
16,0
16,1
16,2
16,3
16,4
16,5
16,6
16,7
16,8
16,9
16,10
16,11
16,12
16,13
16,14
16,15
16,16
16,17
16,18
16,19
16,20
16,21
16,22
16,23
16,24
16,25
16,26
16,27
16,28
16,29
16,30
16,31
16,32
16,33
16,34
16,35
16,36
16,37
16,38
16,39
16,40
16,41
16,42
16,43
16,44
16,45
16,46
16,47
16,48
16,49
16,50
16,51
16,52
16,53
16,54
16,55
16,56
16,57
16,58
16,59
16,60
16,61
16,62
16,63
16,64
16,65
16,66
16,67
16,68
16,69
16,70
16,71
16,72
16,73
16,74
16,75
16,76
16,77
16,78
16,79
16,80
16,81
16,82
16,83
16,84
16,85
16,86
16,87
16,88
16,89
16,90
16,91
16,92
16,93
16,94
16,95
16,96
16,97
16,98
16,99
16,100
16,101
16,102
17,0
17,1
17,2
17,3
17,4
17,5
17,6
17,7
17,8
17,9
17,10
17,11
17,12
17,13
17,14
17,15
17,16
17,17
17,18
17,19
17,20
17,21
17,22
17,23
17,24
17,25
17,26
17,27
17,28
17,29
17,30
17,31
17,32
17,33
17,34
17,35
17,36
17,37
17,38
17,39
17,40
17,41
17,42
17,43
17,44
17,45
17,46
17,47
17,48
17,49
17,50
17,51
17,52
17,53
17,54
17,55
17,56
17,57
17,58
17,59
17,60
17,61
17,62
17,63
17,64
17,65
17,66
17,67
17,68
17,69
17,70
17,71
17,72
17,73
17,74
17,75
17,76
17,77
17,78
17,79
17,80
17,81
17,82
17,83
17,84
17,85
17,86
17,87
17,88
17,89
17,90
17,91
17,92
17,93
17,94
17,95
17,96
17,97
18,0
18,1
18,2
18,3
18,4
18,5
18,6
18,7
18,8
18,9
18,10
18,11
18,12
18,13
18,14
18,15
18,16
18,17
18,18
18,19
18,20
18,21
18,22
18,23
18,24
18,25
18,26
18,27
18,28
18,29
18,30
18,31
18,32
18,33
18,34
18,35
18,36
18,37
18,38
18,39
18,40
18,41
18,42
18,43
18,44
18,45
18,46
18,47
18,48
18,49
18,50
18,51
18,52
18,53
18,54
18,55
18,56
18,57
18,58
18,59
18,60
18,61
18,62
18,63
18,64
18,65
18,66
18,67
18,68
18,69
18,70
18,71
18,72
18,73
18,74
18,75
18,76
18,77
18,78
18,79
18,80
18,81
18,82
18,83
18,84
18,85
18,86
18,87
18,88
18,89
18,90
18,91
18,92
18,93
18,94
19,0
19,1
19,2
19,3
19,4
19,5
19,6
19,7
19,8
19,9
19,10
19,11
19,12
19,13
19,14
19,15
19,16
19,17
19,18
19,19
19,20
19,21
19,22
19,23
19,24
19,25
19,26
19,27
19,28
19,29
19,30
19,31
19,32
19,33
19,34
19,35
19,36
19,37
19,38
19,39
19,40
19,41
19,42
19,43
19,44
19,45
19,46
19,47
19,48
19,49
19,50
19,51
19,52
19,53
19,54
19,55
19,56
19,57
19,58
19,59
19,60
19,61
19,62
19,63
19,64
19,65
19,66
19,67
19,68
19,69
19,70
19,71
19,72
19,73
19,74
19,75
19,76
19,77
19,78
19,79
19,80
19,81
19,82
19,83
19,84
19,85
19,86
19,87
19,88
19,89
19,90
19,91
19,92
19,93
19,94
20,0
20,1
20,2
20,3
20,4
20,5
20,6
20,7
20,8
20,9
20,10
20,11
20,12
20,13
20,14
20,15
20,16
20,17
20,18
20,19
20,20
20,21
20,22
20,23
20,24
20,25
20,26
20,27
20,28
20,29
20,30
20,31
20,32
20,33
20,34
20,35
20,36
20,37
20,38
20,39
20,40
20,41
20,42
20,43
20,44
20,45
20,46
20,47
20,48
20,49
20,50
20,51
20,52
20,53
20,54
20,55
20,56
20,57
20,58
20,59
20,60
20,61
20,62
20,63
20,64
20,65
20,66
20,67
20,68
20,69
20,70
20,71
20,72
20,73
20,74
20,75
20,76
20,77
20,78
20,79
20,80
20,81
20,82
20,83
20,84
20,85
20,86
20,87
20,88
20,89
20,90
20,91
20,92
20,93
21,0
21,1
21,2
21,3
21,4
21,5
21,6
21,7
21,8
21,9
21,10
21,11
21,12
21,13
21,14
21,15
21,16
21,17
21,18
21,19
21,20
21,21
21,22
21,23
21,24
21,25
21,26
21,27
21,28
21,29
21,30
21,31
21,32
21,33
21,34
21,35
21,36
21,37
21,38
21,39
21,40
21,41
21,42
21,43
21,44
21,45
21,46
21,47
21,48
21,49
21,50
21,51
21,52
21,53
21,54
21,55
21,56
21,57
21,58
21,59
21,60
21,61
21,62
21,63
21,64
21,65
21,66
21,67
21,68
21,69
21,70
21,71
21,72
21,73
21,74
21,75
21,76
21,77
21,78
21,79
21,80
21,81
22,0
22,1
22,2
22,3
22,4
22,5
22,6
22,7
22,8
22,9
22,10
22,11
22,12
22,13
22,14
22,15
22,16
22,17
22,18
22,19
22,20
22,21
22,22
22,23
22,24
22,25
22,26
22,27
22,28
22,29
22,30
22,31
22,32
22,33
22,34
22,35
22,36
22,37
22,38
22,39
22,40
22,41
22,42
22,43
22,44
22,45
22,46
22,47
22,48
22,49
22,50
22,51
22,52
22,53
22,54
22,55
22,56
22,57
22,58
22,59
22,60
22,61
22,62
22,63
22,64
22,65
22,66
22,67
22,68
22,69
22,70
22,71
22,72
22,73
22,74
22,75
22,76
22,77
23,0
23,1
23,2
23,3
23,4
23,5
23,6
23,7
23,8
23,9
23,10
23,11
23,12
23,13
23,14
23,15
23,16
23,17
23,18
23,19
23,20
23,21
23,22
23,23
23,24
23,25
23,26
23,27
23,28
23,29
23,30
23,31
23,32
23,33
23,34
23,35
23,36
23,37
23,38
23,39
23,40
23,41
23,42
23,43
23,44
23,45
23,46
23,47
23,48
23,49
23,50
23,51
23,52
23,53
23,54
23,55
23,56
23,57
23,58
23,59
23,60
23,61
23,62
23,63
23,64
23,65
23,66
23,67
23,68
23,69
23,70
23,71
23,72
23,73
23,74
23,75
24,0
24,1
24,2
24,3
24,4
24,5
24,6
24,7
24,8
24,9
24,10
24,11
24,12
24,13
24,14
24,15
24,16
24,17
24,18
24,19
24,20
24,21
24,22
24,23
24,24
24,25
24,26
24,27
24,28
24,29
24,30
24,31
24,32
24,33
24,34
24,35
24,36
24,37
24,38
24,39
24,40
24,41
24,42
24,43
24,44
24,45
24,46
24,47
24,48
24,49
24,50
24,51
24,52
24,53
24,54
24,55
24,56
24,57
24,58
24,59
24,60
24,61
24,62
24,63
24,64
24,65
24,66
24,67
24,68
24,69
24,70
24,71
25,0
25,1
25,2
25,3
25,4
25,5
25,6
25,7
25,8
25,9
25,10
25,11
25,12
25,13
25,14
25,15
25,16
25,17
25,18
25,19
25,20
25,21
25,22
25,23
25,24
25,25
25,26
25,27
25,28
25,29
25,30
25,31
25,32
25,33
25,34
25,35
25,36
25,37
25,38
25,39
25,40
25,41
25,42
25,43
25,44
25,45
25,46
25,47
25,48
25,49
25,50
25,51
25,52
25,53
25,54
25,55
25,56
25,57
25,58
25,59
25,60
25,61
25,62
25,63
25,64
25,65
25,66
25,67
25,68
25,69
25,70
26,0
26,1
26,2
26,3
26,4
26,5
26,6
26,7
26,8
26,9
26,10
26,11
26,12
26,13
26,14
26,15
26,16
26,17
26,18
26,19
26,20
26,21
26,22
26,23
26,24
26,25
26,26
26,27
26,28
26,29
26,30
26,31
26,32
26,33
26,34
26,35
26,36
26,37
26,38
26,39
26,40
26,41
26,42
26,43
26,44
26,45
26,46
26,47
26,48
26,49
26,50
26,51
26,52
26,53
26,54
26,55
26,56
26,57
26,58
26,59
26,60
26,61
26,62
26,63
26,64
27,0
27,1
27,2
27,3
27,4
27,5
27,6
27,7
27,8
27,9
27,10
27,11
27,12
27,13
27,14
27,15
27,16
27,17
27,18
27,19
27,20
27,21
27,22
27,23
27,24
27,25
27,26
27,27
27,28
27,29
27,30
27,31
27,32
27,33
27,34
27,35
27,36
27,37
27,38
27,39
27,40
27,41
27,42
27,43
27,44
27,45
27,46
27,47
27,48
27,49
27,50
27,51
27,52
27,53
27,54
27,55
27,56
27,57
27,58
27,59
27,60
27,61
28,0
28,1
28,2
28,3
28,4
28,5
28,6
28,7
28,8
28,9
28,10
28,11
28,12
28,13
28,14
28,15
28,16
28,17
28,18
28,19
28,20
28,21
28,22
28,23
28,24
28,25
28,26
28,27
28,28
28,29
28,30
28,31
28,32
28,33
28,34
28,35
28,36
28,37
28,38
28,39
28,40
28,41
28,42
28,43
28,44
28,45
28,46
28,47
28,48
28,49
28,50
28,51
28,52
28,53
28,54
28,55
28,56
28,57
28,58
28,59
29,0
29,1
29,2
29,3
29,4
29,5
29,6
29,7
29,8
29,9
29,10
29,11
29,12
29,13
29,14
29,15
29,16
29,17
29,18
29,19
29,20
29,21
29,22
29,23
29,24
29,25
29,26
29,27
29,28
29,29
29,30
29,31
29,32
29,33
29,34
29,35
29,36
29,37
29,38
29,39
29,40
29,41
29,42
29,43
29,44
29,45
29,46
29,47
29,48
29,49
29,50
29,51
29,52
30,0
30,1
30,2
30,3
30,4
30,5
30,6
30,7
30,8
30,9
30,10
30,11
30,12
30,13
30,14
30,15
30,16
30,17
30,18
30,19
30,20
30,21
30,22
30,23
30,24
30,25
30,26
30,27
30,28
30,29
30,30
30,31
30,32
30,33
30,34
30,35
30,36
30,37
30,38
30,39
30,40
30,41
30,42
30,43
30,44
30,45
30,46
30,47
30,48
30,49
30,50
30,51
30,52
31,0
31,1
31,2
31,3
31,4
31,5
31,6
31,7
31,8
31,9
31,10
31,11
31,12
31,13
31,14
31,15
31,16
31,17
31,18
31,19
31,20
31,21
31,22
31,23
31,24
31,25
31,26
31,27
31,28
31,29
31,30
31,31
31,32
31,33
31,34
31,35
31,36
31,37
31,38
31,39
31,40
31,41
31,42
31,43
31,44
31,45
31,46
31,47
31,48
31,49
31,50
31,51
31,52
32,0
32,1
32,2
32,3
32,4
32,5
32,6
32,7
32,8
32,9
32,10
32,11
32,12
32,13
32,14
32,15
32,16
32,17
32,18
32,19
32,20
32,21
32,22
32,23
32,24
32,25
32,26
32,27
32,28
32,29
32,30
32,31
32,32
32,33
32,34
32,35
32,36
32,37
32,38
32,39
32,40
32,41
32,42
32,43
32,44
32,45
32,46
32,47
32,48
32,49
32,50
32,51
33,0
33,1
33,2
33,3
33,4
33,5
33,6
33,7
33,8
33,9
33,10
33,11
33,12
33,13
33,14
33,15
33,16
33,17
33,18
33,19
33,20
33,21
33,22
33,23
33,24
33,25
33,26
33,27
33,28
33,29
33,30
33,31
33,32
33,33
33,34
33,35
33,36
33,37
33,38
33,39
33,40
33,41
33,42
33,43
33,44
33,45
33,46
33,47
33,48
33,49
33,50
34,0
34,1
34,2
34,3
34,4
34,5
34,6
34,7
34,8
34,9
34,10
34,11
34,12
34,13
34,14
34,15
34,16
34,17
34,18
34,19
34,20
34,21
34,22
34,23
34,24
34,25
34,26
34,27
34,28
34,29
34,30
34,31
34,32
34,33
34,34
34,35
34,36
34,37
34,38
34,39
34,40
34,41
34,42
34,43
34,44
34,45
34,46
34,47
34,48
35,0
35,1
35,2
35,3
35,4
35,5
35,6
35,7
35,8
35,9
35,10
35,11
35,12
35,13
35,14
35,15
35,16
35,17
35,18
35,19
35,20
35,21
35,22
35,23
35,24
35,25
35,26
35,27
35,28
35,29
35,30
35,31
35,32
35,33
35,34
35,35
35,36
35,37
35,38
35,39
35,40
35,41
35,42
35,43
35,44
35,45
35,46
35,47
36,0
36,1
36,2
36,3
36,4
36,5
36,6
36,7
36,8
36,9
36,10
36,11
36,12
36,13
36,14
36,15
36,16
36,17
36,18
36,19
36,20
36,21
36,22
36,23
36,24
36,25
36,26
36,27
36,28
36,29
36,30
36,31
36,32
36,33
36,34
36,35
36,36
36,37
36,38
36,39
36,40
36,41
36,42
36,43
36,44
36,45
36,46
37,0
37,1
37,2
37,3
37,4
37,5
37,6
37,7
37,8
37,9
37,10
37,11
37,12
37,13
37,14
37,15
37,16
37,17
37,18
37,19
37,20
37,21
37,22
37,23
37,24
37,25
37,26
37,27
37,28
37,29
37,30
37,31
37,32
37,33
37,34
37,35
37,36
37,37
37,38
37,39
37,40
37,41
37,42
37,43
37,44
37,45
37,46
38,0
38,1
38,2
38,3
38,4
38,5
38,6
38,7
38,8
38,9
38,10
38,11
38,12
38,13
38,14
38,15
38,16
38,17
38,18
38,19
38,20
38,21
38,22
38,23
38,24
38,25
38,26
38,27
38,28
38,29
38,30
38,31
38,32
38,33
38,34
38,35
38,36
38,37
38,38
38,39
38,40
38,41
38,42
38,43
38,44
38,45
39,0
39,1
39,2
39,3
39,4
39,5
39,6
39,7
39,8
39,9
39,10
39,11
39,12
39,13
39,14
39,15
39,16
39,17
39,18
39,19
39,20
39,21
39,22
39,23
39,24
39,25
39,26
39,27
39,28
39,29
39,30
39,31
39,32
39,33
39,34
39,35
39,36
39,37
39,38
39,39
39,40
39,41
39,42
40,0
40,1
40,2
40,3
40,4
40,5
40,6
40,7
40,8
40,9
40,10
40,11
40,12
40,13
40,14
40,15
40,16
40,17
40,18
40,19
40,20
40,21
40,22
40,23
40,24
40,25
40,26
40,27
40,28
40,29
40,30
40,31
40,32
40,33
40,34
40,35
40,36
40,37
40,38
40,39
40,40
40,41
40,42
41,0
41,1
41,2
41,3
41,4
41,5
41,6
41,7
41,8
41,9
41,10
41,11
41,12
41,13
41,14
41,15
41,16
41,17
41,18
41,19
41,20
41,21
41,22
41,23
41,24
41,25
41,26
41,27
41,28
41,29
41,30
41,31
41,32
41,33
41,34
41,35
41,36
41,37
41,38
41,39
41,40
42,0
42,1
42,2
42,3
42,4
42,5
42,6
42,7
42,8
42,9
42,10
42,11
42,12
42,13
42,14
42,15
42,16
42,17
42,18
42,19
42,20
42,21
42,22
42,23
42,24
42,25
42,26
42,27
42,28
42,29
42,30
42,31
42,32
42,33
42,34
42,35
42,36
42,37
42,38
42,39
42,40
43,0
43,1
43,2
43,3
43,4
43,5
43,6
43,7
43,8
43,9
43,10
43,11
43,12
43,13
43,14
43,15
43,16
43,17
43,18
43,19
43,20
43,21
43,22
43,23
43,24
43,25
43,26
43,27
43,28
43,29
43,30
43,31
43,32
43,33
43,34
43,35
43,36
43,37
43,38
43,39
43,40
44,0
44,1
44,2
44,3
44,4
44,5
44,6
44,7
44,8
44,9
44,10
44,11
44,12
44,13
44,14
44,15
44,16
44,17
44,18
44,19
44,20
44,21
44,22
44,23
44,24
44,25
44,26
44,27
44,28
44,29
44,30
44,31
44,32
44,33
44,34
44,35
44,36
44,37
44,38
44,39
44,40
45,0
45,1
45,2
45,3
45,4
45,5
45,6
45,7
45,8
45,9
45,10
45,11
45,12
45,13
45,14
45,15
45,16
45,17
45,18
45,19
45,20
45,21
45,22
45,23
45,24
45,25
45,26
45,27
45,28
45,29
45,30
45,31
45,32
45,33
45,34
45,35
45,36
45,37
45,38
46,0
46,1
46,2
46,3
46,4
46,5
46,6
46,7
46,8
46,9
46,10
46,11
46,12
46,13
46,14
46,15
46,16
46,17
46,18
46,19
46,20
46,21
46,22
46,23
46,24
46,25
46,26
46,27
46,28
46,29
46,30
46,31
46,32
46,33
46,34
46,35
46,36
46,37
47,0
47,1
47,2
47,3
47,4
47,5
47,6
47,7
47,8
47,9
47,10
47,11
47,12
47,13
47,14
47,15
47,16
47,17
47,18
47,19
47,20
47,21
47,22
47,23
47,24
47,25
47,26
47,27
47,28
47,29
47,30
47,31
47,32
47,33
47,34
47,35
48,0
48,1
48,2
48,3
48,4
48,5
48,6
48,7
48,8
48,9
48,10
48,11
48,12
48,13
48,14
48,15
48,16
48,17
48,18
48,19
48,20
48,21
48,22
48,23
48,24
48,25
48,26
48,27
48,28
48,29
48,30
48,31
48,32
48,33
48,34
48,35
49,0
49,1
49,2
49,3
49,4
49,5
49,6
49,7
49,8
49,9
49,10
49,11
49,12
49,13
49,14
49,15
49,16
49,17
49,18
49,19
49,20
49,21
49,22
49,23
49,24
49,25
49,26
49,27
49,28
49,29
49,30
49,31
49,32
49,33
50,0
50,1
50,2
50,3
50,4
50,5
50,6
50,7
50,8
50,9
50,10
50,11
50,12
50,13
50,14
50,15
50,16
50,17
50,18
50,19
50,20
50,21
50,22
50,23
50,24
50,25
50,26
50,27
50,28
50,29
50,30
50,31
51,0
51,1
51,2
51,3
51,4
51,5
51,6
51,7
51,8
51,9
51,10
51,11
51,12
51,13
51,14
51,15
51,16
51,17
51,18
51,19
51,20
51,21
51,22
51,23
51,24
51,25
51,26
51,27
51,28
51,29
52,0
52,1
52,2
52,3
52,4
52,5
52,6
52,7
52,8
52,9
52,10
52,11
52,12
52,13
52,14
52,15
52,16
52,17
52,18
52,19
52,20
52,21
52,22
52,23
52,24
52,25
52,26
52,27
52,28
52,29
53,0
53,1
53,2
53,3
53,4
53,5
53,6
53,7
53,8
53,9
53,10
53,11
53,12
53,13
53,14
53,15
53,16
53,17
53,18
53,19
53,20
53,21
53,22
53,23
53,24
53,25
53,26
53,27
53,28
53,29
54,0
54,1
54,2
54,3
54,4
54,5
54,6
54,7
54,8
54,9
54,10
54,11
54,12
54,13
54,14
54,15
54,16
54,17
54,18
54,19
54,20
54,21
54,22
54,23
54,24
54,25
54,26
54,27
54,28
54,29
55,0
55,1
55,2
55,3
55,4
55,5
55,6
55,7
55,8
55,9
55,10
55,11
55,12
55,13
55,14
55,15
55,16
55,17
55,18
55,19
55,20
55,21
55,22
55,23
55,24
55,25
55,26
55,27
55,28
55,29
56,0
56,1
56,2
56,3
56,4
56,5
56,6
56,7
56,8
56,9
56,10
56,11
56,12
56,13
56,14
56,15
56,16
56,17
56,18
56,19
56,20
56,21
56,22
56,23
56,24
56,25
56,26
56,27
56,28
57,0
57,1
57,2
57,3
57,4
57,5
57,6
57,7
57,8
57,9
57,10
57,11
57,12
57,13
57,14
57,15
57,16
57,17
57,18
57,19
57,20
57,21
57,22
57,23
57,24
57,25
57,26
57,27
58,0
58,1
58,2
58,3
58,4
58,5
58,6
58,7
58,8
58,9
58,10
58,11
58,12
58,13
58,14
58,15
58,16
58,17
58,18
58,19
58,20
58,21
58,22
58,23
59,0
59,1
59,2
59,3
59,4
59,5
59,6
59,7
59,8
59,9
59,10
59,11
59,12
59,13
59,14
59,15
59,16
59,17
59,18
59,19
59,20
59,21
59,22
59,23
60,0
60,1
60,2
60,3
60,4
60,5
60,6
60,7
60,8
60,9
60,10
60,11
60,12
60,13
60,14
60,15
60,16
60,17
60,18
60,19
61,0
61,1
61,2
61,3
61,4
61,5
61,6
61,7
61,8
61,9
61,10
61,11
61,12
61,13
61,14
61,15
61,16
61,17
61,18
61,19
62,0
62,1
62,2
62,3
62,4
62,5
62,6
62,7
62,8
62,9
62,10
62,11
62,12
62,13
62,14
62,15
62,16
62,17
62,18
62,19
63,0
63,1
63,2
63,3
63,4
63,5
63,6
63,7
63,8
63,9
63,10
63,11
63,12
63,13
63,14
63,15
63,16
63,17
63,18
63,19
64,0
64,1
64,2
64,3
64,4
64,5
64,6
64,7
64,8
64,9
64,10
64,11
64,12
64,13
64,14
64,15
64,16
64,17
64,18
65,0
65,1
65,2
65,3
65,4
65,5
65,6
65,7
65,8
65,9
65,10
65,11
65,12
65,13
65,14
65,15
65,16
65,17
65,18
66,0
66,1
66,2
66,3
66,4
66,5
66,6
66,7
66,8
66,9
66,10
66,11
66,12
66,13
66,14
66,15
66,16
66,17
66,18
67,0
67,1
67,2
67,3
67,4
67,5
67,6
67,7
67,8
67,9
67,10
67,11
67,12
67,13
67,14
67,15
67,16
67,17
67,18
68,0
68,1
68,2
68,3
68,4
68,5
68,6
68,7
68,8
68,9
68,10
68,11
68,12
68,13
68,14
68,15
68,16
68,17
68,18
69,0
69,1
69,2
69,3
69,4
69,5
69,6
69,7
69,8
69,9
69,10
69,11
69,12
69,13
69,14
69,15
69,16
69,17
69,18
70,0
70,1
70,2
70,3
70,4
70,5
70,6
70,7
70,8
70,9
70,10
70,11
70,12
70,13
70,14
70,15
70,16
70,17
70,18
71,0
71,1
71,2
71,3
71,4
71,5
71,6
71,7
71,8
71,9
71,10
71,11
71,12
71,13
71,14
71,15
71,16
71,17
72,0
72,1
72,2
72,3
72,4
72,5
72,6
72,7
72,8
72,9
72,10
72,11
72,12
72,13
72,14
72,15
72,16
72,17
73,0
73,1
73,2
73,3
73,4
73,5
73,6
73,7
73,8
73,9
73,10
73,11
73,12
73,13
73,14
73,15
73,16
74,0
74,1
74,2
74,3
74,4
74,5
74,6
74,7
74,8
74,9
74,10
74,11
74,12
74,13
74,14
74,15
75,0
75,1
75,2
75,3
75,4
75,5
75,6
75,7
75,8
75,9
75,10
75,11
75,12
75,13
75,14
75,15
76,0
76,1
76,2
76,3
76,4
76,5
76,6
76,7
76,8
76,9
76,10
76,11
76,12
76,13
76,14
76,15
77,0
77,1
77,2
77,3
77,4
77,5
77,6
77,7
77,8
77,9
77,10
77,11
77,12
77,13
77,14
77,15
78,0
78,1
78,2
78,3
78,4
78,5
78,6
78,7
78,8
78,9
78,10
78,11
78,12
78,13
78,14
79,0
79,1
79,2
79,3
79,4
79,5
79,6
79,7
79,8
79,9
79,10
79,11
79,12
80,0
80,1
80,2
80,3
80,4
80,5
80,6
80,7
80,8
80,9
80,10
80,11
80,12
81,0
81,1
81,2
81,3
81,4
81,5
81,6
81,7
81,8
81,9
81,10
81,11
81,12
82,0
82,1
82,2
82,3
82,4
82,5
82,6
82,7
82,8
82,9
82,10
82,11
82,12
83,0
83,1
83,2
83,3
83,4
83,5
83,6
83,7
83,8
83,9
83,10
83,11
83,12
84,0
84,1
84,2
84,3
84,4
84,5
84,6
84,7
84,8
84,9
84,10
84,11
84,12
85,0
85,1
85,2
85,3
85,4
85,5
85,6
85,7
85,8
85,9
85,10
85,11
85,12
86,0
86,1
86,2
86,3
86,4
86,5
86,6
86,7
86,8
86,9
86,10
86,11
86,12
87,0
87,1
87,2
87,3
87,4
87,5
87,6
87,7
87,8
87,9
87,10
87,11
87,12
88,0
88,1
88,2
88,3
88,4
88,5
88,6
88,7
88,8
88,9
88,10
88,11
88,12
89,0
89,1
89,2
89,3
89,4
89,5
89,6
89,7
89,8
89,9
89,10
89,11
89,12
90,0
90,1
90,2
90,3
90,4
90,5
90,6
90,7
90,8
90,9
90,10
90,11
91,0
91,1
91,2
91,3
91,4
91,5
91,6
91,7
91,8
91,9
91,10
91,11
92,0
92,1
92,2
92,3
92,4
92,5
92,6
92,7
92,8
92,9
92,10
92,11
93,0
93,1
93,2
93,3
93,4
93,5
93,6
93,7
93,8
93,9
93,10
93,11
94,0
94,1
94,2
94,3
94,4
94,5
94,6
94,7
94,8
94,9
94,10
94,11
95,0
95,1
95,2
95,3
95,4
95,5
95,6
95,7
95,8
95,9
95,10
95,11
96,0
96,1
96,2
96,3
96,4
96,5
96,6
96,7
96,8
96,9
96,10
96,11
97,0
97,1
97,2
97,3
97,4
97,5
97,6
97,7
97,8
97,9
97,10
97,11
98,0
98,1
98,2
98,3
98,4
98,5
98,6
98,7
98,8
98,9
98,10
98,11
99,0
99,1
99,2
99,3
99,4
99,5
99,6
99,7
99,8
99,9
99,10
99,11
100,0
100,1
100,2
100,3
100,4
100,5
100,6
100,7
100,8
100,9
100,10
101,0
101,1
101,2
101,3
101,4
101,5
101,6
101,7
101,8
101,9
101,10
102,0
102,1
102,2
102,3
102,4
102,5
102,6
102,7
102,8
102,9
102,10
103,0
103,1
103,2
103,3
103,4
103,5
103,6
103,7
103,8
103,9
103,10
104,0
104,1
104,2
104,3
104,4
104,5
104,6
104,7
104,8
104,9
104,10
105,0
105,1
105,2
105,3
105,4
105,5
105,6
105,7
105,8
105,9
105,10
106,0
106,1
106,2
106,3
106,4
106,5
106,6
106,7
106,8
106,9
106,10
107,0
107,1
107,2
107,3
107,4
107,5
107,6
107,7
107,8
107,9
107,10
108,0
108,1
108,2
108,3
108,4
108,5
108,6
108,7
108,8
108,9
108,10
109,0
109,1
109,2
109,3
109,4
109,5
109,6
109,7
109,8
109,9
109,10
110,0
110,1
110,2
110,3
110,4
110,5
110,6
110,7
110,8
110,9
110,10
111,0
111,1
111,2
111,3
111,4
111,5
111,6
111,7
111,8
111,9
111,10
112,0
112,1
112,2
112,3
112,4
112,5
112,6
112,7
112,8
112,9
112,10
113,0
113,1
113,2
113,3
113,4
113,5
113,6
113,7
113,8
113,9
113,10
114,0
114,1
114,2
114,3
114,4
114,5
114,6
114,7
114,8
114,9
114,10
115,0
115,1
115,2
115,3
115,4
115,5
115,6
115,7
115,8
115,9
115,10
116,0
116,1
116,2
116,3
116,4
116,5
116,6
116,7
116,8
116,9
116,10
117,0
117,1
117,2
117,3
117,4
117,5
117,6
117,7
117,8
117,9
117,10
118,0
118,1
118,2
118,3
118,4
118,5
118,6
118,7
118,8
118,9
118,10
119,0
119,1
119,2
119,3
119,4
119,5
119,6
119,7
119,8
119,9
119,10
120,0
120,1
120,2
120,3
120,4
120,5
120,6
120,7
120,8
120,9
120,10
121,0
121,1
121,2
121,3
121,4
121,5
121,6
121,7
121,8
121,9
121,10
122,0
122,1
122,2
122,3
122,4
122,5
122,6
122,7
122,8
122,9
122,10
123,0
123,1
123,2
123,3
123,4
123,5
123,6
123,7
123,8
123,9
123,10
124,0
124,1
124,2
124,3
124,4
124,5
124,6
124,7
124,8
124,9
124,10
125,0
125,1
125,2
125,3
125,4
125,5
125,6
125,7
125,8
125,9
125,10
126,0
126,1
126,2
126,3
126,4
126,5
126,6
126,7
126,8
126,9
126,10
127,0
127,1
127,2
127,3
127,4
127,5
127,6
127,7
127,8
127,9
127,10
128,0
128,1
128,2
128,3
128,4
128,5
128,6
128,7
128,8
128,9
128,10
129,0
129,1
129,2
129,3
129,4
129,5
129,6
129,7
129,8
129,9
129,10
130,0
130,1
130,2
130,3
130,4
130,5
130,6
130,7
130,8
130,9
130,10
131,0
131,1
131,2
131,3
131,4
131,5
131,6
131,7
131,8
131,9
131,10
132,0
132,1
132,2
132,3
132,4
132,5
132,6
132,7
132,8
132,9
132,10
133,0
133,1
133,2
133,3
133,4
133,5
133,6
133,7
133,8
133,9
133,10
134,0
134,1
134,2
134,3
134,4
134,5
134,6
134,7
134,8
134,9
134,10
135,0
135,1
135,2
135,3
135,4
135,5
135,6
135,7
135,8
135,9
135,10
136,0
136,1
136,2
136,3
136,4
136,5
136,6
136,7
136,8
136,9
136,10
137,0
137,1
137,2
137,3
137,4
137,5
137,6
137,7
137,8
137,9
137,10
138,0
138,1
138,2
138,3
138,4
138,5
138,6
138,7
138,8
138,9
138,10
139,0
139,1
139,2
139,3
139,4
139,5
139,6
139,7
139,8
139,9
139,10
140,0
140,1
140,2
140,3
140,4
140,5
140,6
140,7
140,8
140,9
140,10
141,0
141,1
141,2
141,3
141,4
141,5
141,6
141,7
141,8
141,9
141,10
142,0
142,1
142,2
142,3
142,4
142,5
142,6
142,7
142,8
142,9
142,10
143,0
143,1
143,2
143,3
143,4
143,5
143,6
143,7
143,8
143,9
143,10
144,0
144,1
144,2
144,3
144,4
144,5
144,6
144,7
144,8
144,9
144,10
145,0
145,1
145,2
145,3
145,4
145,5
145,6
145,7
145,8
145,9
145,10
146,0
146,1
146,2
146,3
146,4
146,5
146,6
146,7
146,8
146,9
146,10
147,0
147,1
147,2
147,3
147,4
147,5
147,6
147,7
147,8
147,9
147,10
148,0
148,1
148,2
148,3
148,4
148,5
148,6
148,7
148,8
148,9
148,10
149,0
149,1
149,2
149,3
149,4
149,5
149,6
149,7
149,8
149,9
149,10
150,0
150,1
150,2
150,3
150,4
150,5
150,6
150,7
150,8
150,9
151,0
151,1
151,2
151,3
151,4
151,5
151,6
151,7
151,8
151,9
152,0
152,1
152,2
152,3
152,4
152,5
152,6
152,7
152,8
152,9
153,0
153,1
153,2
153,3
153,4
153,5
153,6
153,7
153,8
153,9
154,0
154,1
154,2
154,3
154,4
154,5
154,6
154,7
154,8
154,9
155,0
155,1
155,2
155,3
155,4
155,5
155,6
155,7
155,8
155,9
156,0
156,1
156,2
156,3
156,4
156,5
156,6
156,7
156,8
156,9
157,0
157,1
157,2
157,3
157,4
157,5
157,6
157,7
157,8
157,9
158,0
158,1
158,2
158,3
158,4
158,5
158,6
158,7
158,8
158,9
159,0
159,1
159,2
159,3
159,4
159,5
159,6
159,7
159,8
159,9
160,0
160,1
160,2
160,3
160,4
160,5
160,6
160,7
160,8
160,9
161,0
161,1
161,2
161,3
161,4
161,5
161,6
161,7
161,8
161,9
162,0
162,1
162,2
162,3
162,4
162,5
162,6
162,7
162,8
162,9
163,0
163,1
163,2
163,3
163,4
163,5
163,6
163,7
163,8
163,9
164,0
164,1
164,2
164,3
164,4
164,5
164,6
164,7
164,8
164,9
165,0
165,1
165,2
165,3
165,4
165,5
165,6
165,7
165,8
165,9
166,0
166,1
166,2
166,3
166,4
166,5
166,6
166,7
166,8
166,9
167,0
167,1
167,2
167,3
167,4
167,5
167,6
167,7
167,8
167,9
168,0
168,1
168,2
168,3
168,4
168,5
168,6
168,7
168,8
168,9
169,0
169,1
169,2
169,3
169,4
169,5
169,6
169,7
169,8
169,9
170,0
170,1
170,2
170,3
170,4
170,5
170,6
170,7
170,8
170,9
171,0
171,1
171,2
171,3
171,4
171,5
171,6
171,7
171,8
171,9
172,0
172,1
172,2
172,3
172,4
172,5
172,6
172,7
172,8
172,9
173,0
173,1
173,2
173,3
173,4
173,5
173,6
173,7
173,8
173,9
174,0
174,1
174,2
174,3
174,4
174,5
174,6
174,7
174,8
174,9
175,0
175,1
175,2
175,3
175,4
175,5
175,6
175,7
175,8
176,0
176,1
176,2
176,3
176,4
176,5
176,6
176,7
176,8
177,0
177,1
177,2
177,3
177,4
177,5
177,6
177,7
177,8
178,0
178,1
178,2
178,3
178,4
178,5
178,6
178,7
178,8
179,0
179,1
179,2
179,3
179,4
179,5
179,6
179,7
179,8
180,0
180,1
180,2
180,3
180,4
180,5
180,6
180,7
180,8
181,0
181,1
181,2
181,3
181,4
181,5
181,6
181,7
181,8
182,0
182,1
182,2
182,3
182,4
182,5
182,6
182,7
182,8
183,0
183,1
183,2
183,3
183,4
183,5
183,6
183,7
183,8
184,0
184,1
184,2
184,3
184,4
184,5
184,6
184,7
184,8
185,0
185,1
185,2
185,3
185,4
185,5
185,6
185,7
185,8
186,0
186,1
186,2
186,3
186,4
186,5
186,6
186,7
186,8
187,0
187,1
187,2
187,3
187,4
187,5
187,6
187,7
187,8
188,0
188,1
188,2
188,3
188,4
188,5
188,6
188,7
188,8
189,0
189,1
189,2
189,3
189,4
189,5
189,6
189,7
189,8
190,0
190,1
190,2
190,3
190,4
190,5
190,6
190,7
190,8
191,0
191,1
191,2
191,3
191,4
191,5
191,6
191,7
191,8
192,0
192,1
192,2
192,3
192,4
192,5
192,6
192,7
192,8
193,0
193,1
193,2
193,3
193,4
193,5
193,6
193,7
193,8
194,0
194,1
194,2
194,3
194,4
194,5
194,6
194,7
194,8
195,0
195,1
195,2
195,3
195,4
195,5
195,6
195,7
195,8
196,0
196,1
196,2
196,3
196,4
196,5
196,6
196,7
196,8
197,0
197,1
197,2
197,3
197,4
197,5
197,6
197,7
197,8
198,0
198,1
198,2
198,3
198,4
198,5
198,6
198,7
198,8
199,0
199,1
199,2
199,3
199,4
199,5
199,6
199,7
199,8
200,0
200,1
200,2
200,3
200,4
200,5
200,6
200,7
200,8
201,0
201,1
201,2
201,3
201,4
201,5
201,6
201,7
201,8
202,0
202,1
202,2
202,3
202,4
202,5
202,6
202,7
202,8
203,0
203,1
203,2
203,3
203,4
203,5
203,6
203,7
203,8
204,0
204,1
204,2
204,3
204,4
204,5
204,6
204,7
204,8
205,0
205,1
205,2
205,3
205,4
205,5
205,6
205,7
205,8
206,0
206,1
206,2
206,3
206,4
206,5
206,6
206,7
206,8
207,0
207,1
207,2
207,3
207,4
207,5
207,6
207,7
207,8
208,0
208,1
208,2
208,3
208,4
208,5
208,6
208,7
208,8
209,0
209,1
209,2
209,3
209,4
209,5
209,6
209,7
209,8
210,0
210,1
210,2
210,3
210,4
210,5
210,6
210,7
210,8
211,0
211,1
211,2
211,3
211,4
211,5
211,6
211,7
211,8
212,0
212,1
212,2
212,3
212,4
212,5
212,6
212,7
212,8
213,0
213,1
213,2
213,3
213,4
213,5
213,6
213,7
213,8
214,0
214,1
214,2
214,3
214,4
214,5
214,6
214,7
214,8
215,0
215,1
215,2
215,3
215,4
215,5
215,6
215,7
215,8
216,0
216,1
216,2
216,3
216,4
216,5
216,6
216,7
216,8
217,0
217,1
217,2
217,3
217,4
217,5
217,6
217,7
217,8
218,0
218,1
218,2
218,3
218,4
218,5
218,6
218,7
218,8
219,0
219,1
219,2
219,3
219,4
219,5
219,6
219,7
219,8
220,0
220,1
220,2
220,3
220,4
220,5
220,6
220,7
220,8
221,0
221,1
221,2
221,3
221,4
221,5
221,6
221,7
221,8
222,0
222,1
222,2
222,3
222,4
222,5
222,6
222,7
222,8
223,0
223,1
223,2
223,3
223,4
223,5
223,6
223,7
223,8
224,0
224,1
224,2
224,3
224,4
224,5
224,6
224,7
224,8
225,0
225,1
225,2
225,3
225,4
225,5
225,6
225,7
225,8
226,0
226,1
226,2
226,3
226,4
226,5
226,6
226,7
226,8
227,0
227,1
227,2
227,3
227,4
227,5
227,6
227,7
227,8
228,0
228,1
228,2
228,3
228,4
228,5
228,6
228,7
228,8
229,0
229,1
229,2
229,3
229,4
229,5
229,6
229,7
229,8
230,0
230,1
230,2
230,3
230,4
230,5
230,6
230,7
230,8
231,0
231,1
231,2
231,3
231,4
231,5
231,6
231,7
231,8
232,0
232,1
232,2
232,3
232,4
232,5
232,6
232,7
232,8
233,0
233,1
233,2
233,3
233,4
233,5
233,6
233,7
233,8
234,0
234,1
234,2
234,3
234,4
234,5
234,6
234,7
234,8
235,0
235,1
235,2
235,3
235,4
235,5
235,6
235,7
235,8
236,0
236,1
236,2
236,3
236,4
236,5
236,6
236,7
236,8
237,0
237,1
237,2
237,3
237,4
237,5
237,6
237,7
237,8
238,0
238,1
238,2
238,3
238,4
238,5
238,6
238,7
238,8
239,0
239,1
239,2
239,3
239,4
239,5
239,6
239,7
239,8
240,0
240,1
240,2
240,3
240,4
240,5
240,6
240,7
240,8
241,0
241,1
241,2
241,3
241,4
241,5
241,6
241,7
241,8
242,0
242,1
242,2
242,3
242,4
242,5
242,6
242,7
242,8
243,0
243,1
243,2
243,3
243,4
243,5
243,6
243,7
243,8
244,0
244,1
244,2
244,3
244,4
244,5
244,6
244,7
244,8
245,0
245,1
245,2
245,3
245,4
245,5
245,6
245,7
245,8
246,0
246,1
246,2
246,3
246,4
246,5
246,6
246,7
246,8
247,0
247,1
247,2
247,3
247,4
247,5
247,6
247,7
248,0
248,1
248,2
248,3
248,4
248,5
248,6
248,7
249,0
249,1
249,2
249,3
249,4
249,5
249,6
249,7
250,0
250,1
250,2
250,3
250,4
250,5
250,6
251,0
251,1
251,2
251,3
251,4
251,5
251,6
252,0
252,1
252,2
252,3
252,4
252,5
252,6
253,0
253,1
253,2
253,3
253,4
253,5
253,6
254,0
254,1
254,2
254,3
254,4
254,5
254,6
255,0
255,1
255,2
255,3
255,4
255,5
255,6
256,0
256,1
256,2
256,3
256,4
256,5
256,6
257,0
257,1
257,2
257,3
257,4
257,5
257,6
258,0
258,1
258,2
258,3
258,4
258,5
258,6
259,0
259,1
259,2
259,3
259,4
259,5
259,6
260,0
260,1
260,2
260,3
260,4
260,5
260,6
261,0
261,1
261,2
261,3
261,4
261,5
261,6
262,0
262,1
262,2
262,3
262,4
262,5
262,6
263,0
263,1
263,2
263,3
263,4
263,5
263,6
264,0
264,1
264,2
264,3
264,4
264,5
264,6
265,0
265,1
265,2
265,3
265,4
265,5
265,6
266,0
266,1
266,2
266,3
266,4
266,5
266,6
267,0
267,1
267,2
267,3
267,4
267,5
267,6
268,0
268,1
268,2
268,3
268,4
268,5
268,6
269,0
269,1
269,2
269,3
269,4
269,5
269,6
270,0
270,1
270,2
270,3
270,4
270,5
270,6
271,0
271,1
271,2
271,3
271,4
271,5
271,6
272,0
272,1
272,2
272,3
272,4
272,5
272,6
273,0
273,1
273,2
273,3
273,4
273,5
274,0
274,1
274,2
274,3
274,4
274,5
275,0
275,1
275,2
275,3
275,4
275,5
276,0
276,1
276,2
276,3
276,4
276,5
277,0
277,1
277,2
277,3
277,4
277,5
278,0
278,1
278,2
278,3
278,4
278,5
279,0
279,1
279,2
279,3
279,4
279,5
280,0
280,1
280,2
280,3
280,4
280,5
281,0
281,1
281,2
281,3
281,4
282,0
282,1
282,2
282,3
282,4
283,0
283,1
283,2
283,3
283,4
284,0
284,1
284,2
284,3
284,4
285,0
285,1
285,2
285,3
285,4
286,0
286,1
286,2
286,3
286,4
287,0
287,1
287,2
287,3
287,4
288,0
288,1
288,2
288,3
288,4
289,0
289,1
289,2
289,3
289,4
290,0
290,1
290,2
290,3
290,4
291,0
291,1
291,2
291,3
291,4
292,0
292,1
292,2
292,3
292,4
293,0
293,1
293,2
293,3
293,4
294,0
294,1
294,2
294,3
294,4
295,0
295,1
295,2
295,3
295,4
296,0
296,1
296,2
296,3
296,4
297,0
297,1
297,2
297,3
297,4
298,0
298,1
298,2
298,3
298,4
299,0
299,1
299,2
299,3
299,4
300,0
300,1
300,2
300,3
300,4
301,0
301,1
301,2
301,3
301,4
302,0
302,1
302,2
302,3
302,4
303,0
303,1
303,2
303,3
303,4
304,0
304,1
304,2
304,3
304,4
305,0
305,1
305,2
305,3
305,4
306,0
306,1
306,2
306,3
306,4
307,0
307,1
307,2
307,3
307,4
308,0
308,1
308,2
308,3
308,4
309,0
309,1
309,2
309,3
309,4
310,0
310,1
310,2
310,3
310,4
311,0
311,1
311,2
311,3
311,4
312,0
312,1
312,2
312,3
312,4
313,0
313,1
313,2
313,3
313,4
314,0
314,1
314,2
314,3
314,4
315,0
315,1
315,2
315,3
315,4
316,0
316,1
316,2
316,3
316,4
317,0
317,1
317,2
317,3
317,4
318,0
318,1
318,2
318,3
318,4
319,0
319,1
319,2
319,3
319,4
320,0
320,1
320,2
320,3
320,4
321,0
321,1
321,2
321,3
322,0
322,1
322,2
322,3
323,0
323,1
323,2
323,3
324,0
324,1
324,2
324,3
325,0
325,1
325,2
325,3
326,0
326,1
326,2
326,3
327,0
327,1
327,2
327,3
328,0
328,1
328,2
328,3
329,0
329,1
329,2
329,3
330,0
330,1
330,2
330,3
331,0
331,1
331,2
331,3
332,0
332,1
332,2
332,3
333,0
333,1
333,2
333,3
334,0
334,1
334,2
335,0
335,1
335,2
336,0
336,1
336,2
337,0
337,1
337,2
338,0
338,1
338,2
339,0
339,1
339,2
340,0
340,1
340,2
341,0
341,1
341,2
342,0
342,1
342,2
343,0
343,1
343,2
344,0
344,1
344,2
345,0
345,1
345,2
346,0
346,1
346,2
347,0
347,1
347,2
348,0
348,1
348,2
349,0
349,1
349,2
350,0
350,1
350,2
351,0
351,1
351,2
352,0
352,1
352,2
353,0
353,1
353,2
354,0
354,1
354,2
355,0
355,1
355,2
356,0
356,1
356,2
357,0
357,1
357,2
358,0
358,1
358,2
359,0
359,1
359,2
360,0
360,1
360,2
361,0
361,1
361,2
362,0
362,1
362,2
363,0
363,1
363,2
364,0
364,1
364,2
365,0
365,1
365,2
366,0
366,1
366,2
367,0
367,1
367,2
368,0
368,1
368,2
369,0
369,1
369,2
370,0
370,1
370,2
371,0
371,1
371,2
372,0
372,1
372,2
373,0
373,1
373,2
374,0
374,1
374,2
375,0
375,1
375,2
376,0
376,1
376,2
377,0
377,1
377,2
378,0
378,1
379,0
379,1
380,0
380,1
381,0
381,1
382,0
382,1
383,0
383,1
384,0
384,1
385,0
385,1
386,0
386,1
387,0
387,1
388,0
388,1
389,0
389,1
390,0
390,1
391,0
391,1
392,0
392,1
393,0
393,1
394,0
394,1
395,0
395,1
396,0
396,1
397,0
397,1
398,0
398,1
399,0
399,1
400,0
400,1
401,0
401,1
402,0
402,1
403,0
403,1
404,0
404,1
405,0
405,1
406,0
406,1
407,0
407,1
408,0
408,1
409,0
409,1
410,0
410,1
411,0
411,1
412,0
412,1
413,0
413,1
414,0
414,1
415,0
415,1
416,0
416,1
417,0
417,1
418,0
418,1
419,0
419,1
420,0
420,1
421,0
421,1
422,0
422,1
423,0
423,1
424,0
424,1
425,0
425,1
426,0
426,1
427,0
427,1
428,0
428,1
429,0
429,1
430,0
430,1
431,0
431,1
432,0
432,1
433,0
433,1
434,0
434,1
435,0
435,1
436,0
436,1
437,0
437,1
438,0
438,1
439,0
439,1
440,0
440,1
441,0
441,1
442,0
442,1
443,0
443,1
444,0
444,1
445,0
445,1
446,0
446,1
447,0
447,1
448,0
448,1
449,0
449,1
450,0
450,1
451,0
452,0
453,0
454,0
455,0
456,0
457,0
458,0
459,0
460,0
461,0
462,0
463,0
464,0
465,0
466,0
467,0
468,0
469,0
470,0
471,0
472,0
473,0
474,0
475,0
476,0
477,0
478,0
479,0
480,0
481,0
482,0
483,0
484,0
485,0
486,0
487,0
488,0
489,0
490,0
491,0
492,0
493,0
494,0
495,0
496,0
497,0
498,0
499,0
500,0
501,0
502,0
503,0
504,0
505,0
506,0
507,0
508,0
509,0
510,0
511,0
512,0
513,0
514,0
515,0
516,0
517,0
518,0
519,0
520,0
521,0
522,0
523,0
524,0
525,0
526,0
527,0
528,0
529,0
530,0
531,0
532,0
533,0
534,0
535,0
536,0
537,0
538,0
539,0
540,0
541,0
542,0
543,0
544,0
545,0
546,0
547,0
548,0
549,0
550,0
551,0
552,0
553,0
554,0
555,0
556,0
557,0
558,0
559,0
560,0
561,0
562,0
563,0
564,0
565,0
566,0
567,0
568,0
569,0
570,0
571,0
572,0
573,0
574,0
575,0
576,0
577,0
578,0
579,0
580,0
581,0
582,0
583,0
584,0
585,0
586,0
587,0
588,0
589,0
590,0
591,0
592,0
593,0
594,0
595,0
596,0
597,0
598,0
599,0
600,0
601,0
602,0
603,0
604,0
605,0
606,0
607,0
608,0
609,0
610,0
611,0
612,0
613,0
614,0
615,0
616,0
617,0
618,0
619,0
620,0
621,0
622,0
623,0
624,0
625,0
626,0
627,0
628,0
629,0
630,0
631,0
632,0
633,0
634,0
